# label file from inverse_write_label [13-May-2021]
301
145	0.000	0.000	0.000	1.000
590	0.000	0.000	0.000	1.000
1309	0.000	0.000	0.000	1.000
1310	0.000	0.000	0.000	1.000
2407	0.000	0.000	0.000	1.000
3227	0.000	0.000	0.000	1.000
3228	0.000	0.000	0.000	1.000
3229	0.000	0.000	0.000	1.000
3230	0.000	0.000	0.000	1.000
5371	0.000	0.000	0.000	1.000
5373	0.000	0.000	0.000	1.000
6964	0.000	0.000	0.000	1.000
6965	0.000	0.000	0.000	1.000
6966	0.000	0.000	0.000	1.000
6967	0.000	0.000	0.000	1.000
9778	0.000	0.000	0.000	1.000
9779	0.000	0.000	0.000	1.000
9792	0.000	0.000	0.000	1.000
10907	0.000	0.000	0.000	1.000
10908	0.000	0.000	0.000	1.000
10909	0.000	0.000	0.000	1.000
10910	0.000	0.000	0.000	1.000
10911	0.000	0.000	0.000	1.000
13045	0.000	0.000	0.000	1.000
13049	0.000	0.000	0.000	1.000
13050	0.000	0.000	0.000	1.000
13051	0.000	0.000	0.000	1.000
13053	0.000	0.000	0.000	1.000
15445	0.000	0.000	0.000	1.000
15447	0.000	0.000	0.000	1.000
15448	0.000	0.000	0.000	1.000
15449	0.000	0.000	0.000	1.000
15450	0.000	0.000	0.000	1.000
15451	0.000	0.000	0.000	1.000
21872	0.000	0.000	0.000	1.000
21873	0.000	0.000	0.000	1.000
21874	0.000	0.000	0.000	1.000
21876	0.000	0.000	0.000	1.000
21877	0.000	0.000	0.000	1.000
21878	0.000	0.000	0.000	1.000
21879	0.000	0.000	0.000	1.000
21880	0.000	0.000	0.000	1.000
21881	0.000	0.000	0.000	1.000
21882	0.000	0.000	0.000	1.000
24243	0.000	0.000	0.000	1.000
24244	0.000	0.000	0.000	1.000
24245	0.000	0.000	0.000	1.000
24246	0.000	0.000	0.000	1.000
24247	0.000	0.000	0.000	1.000
24248	0.000	0.000	0.000	1.000
28099	0.000	0.000	0.000	1.000
28100	0.000	0.000	0.000	1.000
28101	0.000	0.000	0.000	1.000
28102	0.000	0.000	0.000	1.000
28103	0.000	0.000	0.000	1.000
28104	0.000	0.000	0.000	1.000
28105	0.000	0.000	0.000	1.000
31611	0.000	0.000	0.000	1.000
31612	0.000	0.000	0.000	1.000
31613	0.000	0.000	0.000	1.000
31614	0.000	0.000	0.000	1.000
31615	0.000	0.000	0.000	1.000
31616	0.000	0.000	0.000	1.000
31617	0.000	0.000	0.000	1.000
31618	0.000	0.000	0.000	1.000
31619	0.000	0.000	0.000	1.000
31620	0.000	0.000	0.000	1.000
33954	0.000	0.000	0.000	1.000
39568	0.000	0.000	0.000	1.000
39569	0.000	0.000	0.000	1.000
39570	0.000	0.000	0.000	1.000
39571	0.000	0.000	0.000	1.000
39572	0.000	0.000	0.000	1.000
39573	0.000	0.000	0.000	1.000
39574	0.000	0.000	0.000	1.000
39612	0.000	0.000	0.000	1.000
39637	0.000	0.000	0.000	1.000
41627	0.000	0.000	0.000	1.000
41628	0.000	0.000	0.000	1.000
41629	0.000	0.000	0.000	1.000
41630	0.000	0.000	0.000	1.000
41631	0.000	0.000	0.000	1.000
43769	0.000	0.000	0.000	1.000
43770	0.000	0.000	0.000	1.000
43771	0.000	0.000	0.000	1.000
46165	0.000	0.000	0.000	1.000
46166	0.000	0.000	0.000	1.000
46167	0.000	0.000	0.000	1.000
46168	0.000	0.000	0.000	1.000
46169	0.000	0.000	0.000	1.000
46170	0.000	0.000	0.000	1.000
46171	0.000	0.000	0.000	1.000
52592	0.000	0.000	0.000	1.000
52593	0.000	0.000	0.000	1.000
52594	0.000	0.000	0.000	1.000
52595	0.000	0.000	0.000	1.000
52596	0.000	0.000	0.000	1.000
52597	0.000	0.000	0.000	1.000
52598	0.000	0.000	0.000	1.000
52599	0.000	0.000	0.000	1.000
52601	0.000	0.000	0.000	1.000
55762	0.000	0.000	0.000	1.000
55763	0.000	0.000	0.000	1.000
55764	0.000	0.000	0.000	1.000
55765	0.000	0.000	0.000	1.000
55766	0.000	0.000	0.000	1.000
55767	0.000	0.000	0.000	1.000
55768	0.000	0.000	0.000	1.000
55769	0.000	0.000	0.000	1.000
55770	0.000	0.000	0.000	1.000
55771	0.000	0.000	0.000	1.000
55773	0.000	0.000	0.000	1.000
62192	0.000	0.000	0.000	1.000
62193	0.000	0.000	0.000	1.000
62194	0.000	0.000	0.000	1.000
62195	0.000	0.000	0.000	1.000
62196	0.000	0.000	0.000	1.000
62197	0.000	0.000	0.000	1.000
62198	0.000	0.000	0.000	1.000
62199	0.000	0.000	0.000	1.000
62201	0.000	0.000	0.000	1.000
69375	0.000	0.000	0.000	1.000
69377	0.000	0.000	0.000	1.000
69384	0.000	0.000	0.000	1.000
69385	0.000	0.000	0.000	1.000
69386	0.000	0.000	0.000	1.000
69387	0.000	0.000	0.000	1.000
69388	0.000	0.000	0.000	1.000
69389	0.000	0.000	0.000	1.000
69390	0.000	0.000	0.000	1.000
69391	0.000	0.000	0.000	1.000
69392	0.000	0.000	0.000	1.000
69393	0.000	0.000	0.000	1.000
69394	0.000	0.000	0.000	1.000
69395	0.000	0.000	0.000	1.000
69396	0.000	0.000	0.000	1.000
69397	0.000	0.000	0.000	1.000
69398	0.000	0.000	0.000	1.000
69399	0.000	0.000	0.000	1.000
69403	0.000	0.000	0.000	1.000
74810	0.000	0.000	0.000	1.000
88657	0.000	0.000	0.000	1.000
88660	0.000	0.000	0.000	1.000
88661	0.000	0.000	0.000	1.000
88672	0.000	0.000	0.000	1.000
88673	0.000	0.000	0.000	1.000
88674	0.000	0.000	0.000	1.000
88675	0.000	0.000	0.000	1.000
88676	0.000	0.000	0.000	1.000
88677	0.000	0.000	0.000	1.000
88678	0.000	0.000	0.000	1.000
88679	0.000	0.000	0.000	1.000
88680	0.000	0.000	0.000	1.000
88681	0.000	0.000	0.000	1.000
88682	0.000	0.000	0.000	1.000
88683	0.000	0.000	0.000	1.000
88684	0.000	0.000	0.000	1.000
88685	0.000	0.000	0.000	1.000
88686	0.000	0.000	0.000	1.000
88687	0.000	0.000	0.000	1.000
88688	0.000	0.000	0.000	1.000
88689	0.000	0.000	0.000	1.000
88783	0.000	0.000	0.000	1.000
88784	0.000	0.000	0.000	1.000
93361	0.000	0.000	0.000	1.000
93362	0.000	0.000	0.000	1.000
93363	0.000	0.000	0.000	1.000
93364	0.000	0.000	0.000	1.000
93365	0.000	0.000	0.000	1.000
93366	0.000	0.000	0.000	1.000
93367	0.000	0.000	0.000	1.000
93368	0.000	0.000	0.000	1.000
97217	0.000	0.000	0.000	1.000
97218	0.000	0.000	0.000	1.000
97219	0.000	0.000	0.000	1.000
97220	0.000	0.000	0.000	1.000
97221	0.000	0.000	0.000	1.000
101529	0.000	0.000	0.000	1.000
101530	0.000	0.000	0.000	1.000
101531	0.000	0.000	0.000	1.000
101532	0.000	0.000	0.000	1.000
101533	0.000	0.000	0.000	1.000
101534	0.000	0.000	0.000	1.000
101535	0.000	0.000	0.000	1.000
101536	0.000	0.000	0.000	1.000
101537	0.000	0.000	0.000	1.000
101538	0.000	0.000	0.000	1.000
101539	0.000	0.000	0.000	1.000
101540	0.000	0.000	0.000	1.000
101541	0.000	0.000	0.000	1.000
101543	0.000	0.000	0.000	1.000
113098	0.000	0.000	0.000	1.000
113100	0.000	0.000	0.000	1.000
113101	0.000	0.000	0.000	1.000
113102	0.000	0.000	0.000	1.000
113104	0.000	0.000	0.000	1.000
113105	0.000	0.000	0.000	1.000
113106	0.000	0.000	0.000	1.000
113107	0.000	0.000	0.000	1.000
113108	0.000	0.000	0.000	1.000
113109	0.000	0.000	0.000	1.000
113110	0.000	0.000	0.000	1.000
113111	0.000	0.000	0.000	1.000
113112	0.000	0.000	0.000	1.000
113113	0.000	0.000	0.000	1.000
113114	0.000	0.000	0.000	1.000
113115	0.000	0.000	0.000	1.000
113116	0.000	0.000	0.000	1.000
118006	0.000	0.000	0.000	1.000
118007	0.000	0.000	0.000	1.000
118008	0.000	0.000	0.000	1.000
118009	0.000	0.000	0.000	1.000
118010	0.000	0.000	0.000	1.000
118011	0.000	0.000	0.000	1.000
118012	0.000	0.000	0.000	1.000
118013	0.000	0.000	0.000	1.000
118014	0.000	0.000	0.000	1.000
118015	0.000	0.000	0.000	1.000
118016	0.000	0.000	0.000	1.000
118017	0.000	0.000	0.000	1.000
118018	0.000	0.000	0.000	1.000
118019	0.000	0.000	0.000	1.000
118020	0.000	0.000	0.000	1.000
127004	0.000	0.000	0.000	1.000
127005	0.000	0.000	0.000	1.000
127006	0.000	0.000	0.000	1.000
127007	0.000	0.000	0.000	1.000
127008	0.000	0.000	0.000	1.000
127009	0.000	0.000	0.000	1.000
127010	0.000	0.000	0.000	1.000
127011	0.000	0.000	0.000	1.000
127012	0.000	0.000	0.000	1.000
127013	0.000	0.000	0.000	1.000
127014	0.000	0.000	0.000	1.000
127015	0.000	0.000	0.000	1.000
127016	0.000	0.000	0.000	1.000
127017	0.000	0.000	0.000	1.000
127018	0.000	0.000	0.000	1.000
127019	0.000	0.000	0.000	1.000
127020	0.000	0.000	0.000	1.000
136263	0.000	0.000	0.000	1.000
136272	0.000	0.000	0.000	1.000
136273	0.000	0.000	0.000	1.000
136275	0.000	0.000	0.000	1.000
136276	0.000	0.000	0.000	1.000
136277	0.000	0.000	0.000	1.000
136278	0.000	0.000	0.000	1.000
136279	0.000	0.000	0.000	1.000
136280	0.000	0.000	0.000	1.000
136281	0.000	0.000	0.000	1.000
136282	0.000	0.000	0.000	1.000
136283	0.000	0.000	0.000	1.000
136284	0.000	0.000	0.000	1.000
136285	0.000	0.000	0.000	1.000
136286	0.000	0.000	0.000	1.000
136287	0.000	0.000	0.000	1.000
136288	0.000	0.000	0.000	1.000
136289	0.000	0.000	0.000	1.000
136290	0.000	0.000	0.000	1.000
136291	0.000	0.000	0.000	1.000
136292	0.000	0.000	0.000	1.000
136293	0.000	0.000	0.000	1.000
136294	0.000	0.000	0.000	1.000
136295	0.000	0.000	0.000	1.000
136296	0.000	0.000	0.000	1.000
136297	0.000	0.000	0.000	1.000
136298	0.000	0.000	0.000	1.000
142953	0.000	0.000	0.000	1.000
142954	0.000	0.000	0.000	1.000
142955	0.000	0.000	0.000	1.000
142956	0.000	0.000	0.000	1.000
159658	0.000	0.000	0.000	1.000
159659	0.000	0.000	0.000	1.000
159660	0.000	0.000	0.000	1.000
159661	0.000	0.000	0.000	1.000
159662	0.000	0.000	0.000	1.000
159663	0.000	0.000	0.000	1.000
159664	0.000	0.000	0.000	1.000
159665	0.000	0.000	0.000	1.000
159666	0.000	0.000	0.000	1.000
159667	0.000	0.000	0.000	1.000
159668	0.000	0.000	0.000	1.000
159669	0.000	0.000	0.000	1.000
159670	0.000	0.000	0.000	1.000
159671	0.000	0.000	0.000	1.000
159672	0.000	0.000	0.000	1.000
159673	0.000	0.000	0.000	1.000
159674	0.000	0.000	0.000	1.000
159675	0.000	0.000	0.000	1.000
159676	0.000	0.000	0.000	1.000
159677	0.000	0.000	0.000	1.000
159678	0.000	0.000	0.000	1.000
159790	0.000	0.000	0.000	1.000
159791	0.000	0.000	0.000	1.000
159792	0.000	0.000	0.000	1.000
159867	0.000	0.000	0.000	1.000
159869	0.000	0.000	0.000	1.000
159870	0.000	0.000	0.000	1.000
159871	0.000	0.000	0.000	1.000
159872	0.000	0.000	0.000	1.000
159873	0.000	0.000	0.000	1.000
