# label file from inverse_write_label [13-May-2021]
1410
144	0.000	0.000	0.000	1.000
354	0.000	0.000	0.000	1.000
591	0.000	0.000	0.000	1.000
593	0.000	0.000	0.000	1.000
594	0.000	0.000	0.000	1.000
1308	0.000	0.000	0.000	1.000
1311	0.000	0.000	0.000	1.000
1317	0.000	0.000	0.000	1.000
1318	0.000	0.000	0.000	1.000
1319	0.000	0.000	0.000	1.000
1419	0.000	0.000	0.000	1.000
1421	0.000	0.000	0.000	1.000
1788	0.000	0.000	0.000	1.000
1789	0.000	0.000	0.000	1.000
1790	0.000	0.000	0.000	1.000
2405	0.000	0.000	0.000	1.000
2406	0.000	0.000	0.000	1.000
2408	0.000	0.000	0.000	1.000
2409	0.000	0.000	0.000	1.000
2415	0.000	0.000	0.000	1.000
2416	0.000	0.000	0.000	1.000
2417	0.000	0.000	0.000	1.000
3231	0.000	0.000	0.000	1.000
3237	0.000	0.000	0.000	1.000
3238	0.000	0.000	0.000	1.000
3239	0.000	0.000	0.000	1.000
3339	0.000	0.000	0.000	1.000
3340	0.000	0.000	0.000	1.000
3341	0.000	0.000	0.000	1.000
3939	0.000	0.000	0.000	1.000
3940	0.000	0.000	0.000	1.000
3941	0.000	0.000	0.000	1.000
5365	0.000	0.000	0.000	1.000
5366	0.000	0.000	0.000	1.000
5367	0.000	0.000	0.000	1.000
5368	0.000	0.000	0.000	1.000
5369	0.000	0.000	0.000	1.000
5370	0.000	0.000	0.000	1.000
5372	0.000	0.000	0.000	1.000
5374	0.000	0.000	0.000	1.000
5375	0.000	0.000	0.000	1.000
5376	0.000	0.000	0.000	1.000
5388	0.000	0.000	0.000	1.000
5390	0.000	0.000	0.000	1.000
5391	0.000	0.000	0.000	1.000
5392	0.000	0.000	0.000	1.000
5393	0.000	0.000	0.000	1.000
5394	0.000	0.000	0.000	1.000
5395	0.000	0.000	0.000	1.000
5396	0.000	0.000	0.000	1.000
5397	0.000	0.000	0.000	1.000
5398	0.000	0.000	0.000	1.000
5702	0.000	0.000	0.000	1.000
5704	0.000	0.000	0.000	1.000
6108	0.000	0.000	0.000	1.000
6962	0.000	0.000	0.000	1.000
6963	0.000	0.000	0.000	1.000
6968	0.000	0.000	0.000	1.000
6969	0.000	0.000	0.000	1.000
6978	0.000	0.000	0.000	1.000
6979	0.000	0.000	0.000	1.000
6980	0.000	0.000	0.000	1.000
6981	0.000	0.000	0.000	1.000
6982	0.000	0.000	0.000	1.000
6983	0.000	0.000	0.000	1.000
7167	0.000	0.000	0.000	1.000
8010	0.000	0.000	0.000	1.000
8011	0.000	0.000	0.000	1.000
8012	0.000	0.000	0.000	1.000
8013	0.000	0.000	0.000	1.000
8014	0.000	0.000	0.000	1.000
9765	0.000	0.000	0.000	1.000
9769	0.000	0.000	0.000	1.000
9773	0.000	0.000	0.000	1.000
9774	0.000	0.000	0.000	1.000
9775	0.000	0.000	0.000	1.000
9776	0.000	0.000	0.000	1.000
9777	0.000	0.000	0.000	1.000
9780	0.000	0.000	0.000	1.000
9781	0.000	0.000	0.000	1.000
9782	0.000	0.000	0.000	1.000
9783	0.000	0.000	0.000	1.000
9801	0.000	0.000	0.000	1.000
9802	0.000	0.000	0.000	1.000
9803	0.000	0.000	0.000	1.000
9804	0.000	0.000	0.000	1.000
9805	0.000	0.000	0.000	1.000
9806	0.000	0.000	0.000	1.000
9807	0.000	0.000	0.000	1.000
9808	0.000	0.000	0.000	1.000
9809	0.000	0.000	0.000	1.000
10171	0.000	0.000	0.000	1.000
10172	0.000	0.000	0.000	1.000
10916	0.000	0.000	0.000	1.000
10917	0.000	0.000	0.000	1.000
10918	0.000	0.000	0.000	1.000
11019	0.000	0.000	0.000	1.000
11020	0.000	0.000	0.000	1.000
11021	0.000	0.000	0.000	1.000
11619	0.000	0.000	0.000	1.000
11620	0.000	0.000	0.000	1.000
11621	0.000	0.000	0.000	1.000
13046	0.000	0.000	0.000	1.000
13047	0.000	0.000	0.000	1.000
13048	0.000	0.000	0.000	1.000
13052	0.000	0.000	0.000	1.000
13054	0.000	0.000	0.000	1.000
13055	0.000	0.000	0.000	1.000
13056	0.000	0.000	0.000	1.000
13068	0.000	0.000	0.000	1.000
13069	0.000	0.000	0.000	1.000
13070	0.000	0.000	0.000	1.000
13071	0.000	0.000	0.000	1.000
13072	0.000	0.000	0.000	1.000
13073	0.000	0.000	0.000	1.000
13074	0.000	0.000	0.000	1.000
13075	0.000	0.000	0.000	1.000
13076	0.000	0.000	0.000	1.000
13077	0.000	0.000	0.000	1.000
13078	0.000	0.000	0.000	1.000
13382	0.000	0.000	0.000	1.000
13383	0.000	0.000	0.000	1.000
13384	0.000	0.000	0.000	1.000
15446	0.000	0.000	0.000	1.000
15452	0.000	0.000	0.000	1.000
15453	0.000	0.000	0.000	1.000
15454	0.000	0.000	0.000	1.000
15455	0.000	0.000	0.000	1.000
15456	0.000	0.000	0.000	1.000
15468	0.000	0.000	0.000	1.000
15470	0.000	0.000	0.000	1.000
15471	0.000	0.000	0.000	1.000
15472	0.000	0.000	0.000	1.000
15473	0.000	0.000	0.000	1.000
15474	0.000	0.000	0.000	1.000
15475	0.000	0.000	0.000	1.000
15476	0.000	0.000	0.000	1.000
15477	0.000	0.000	0.000	1.000
15478	0.000	0.000	0.000	1.000
15479	0.000	0.000	0.000	1.000
15777	0.000	0.000	0.000	1.000
15778	0.000	0.000	0.000	1.000
15779	0.000	0.000	0.000	1.000
17574	0.000	0.000	0.000	1.000
17575	0.000	0.000	0.000	1.000
17576	0.000	0.000	0.000	1.000
17577	0.000	0.000	0.000	1.000
17578	0.000	0.000	0.000	1.000
17579	0.000	0.000	0.000	1.000
17580	0.000	0.000	0.000	1.000
17581	0.000	0.000	0.000	1.000
21855	0.000	0.000	0.000	1.000
21856	0.000	0.000	0.000	1.000
21857	0.000	0.000	0.000	1.000
21858	0.000	0.000	0.000	1.000
21865	0.000	0.000	0.000	1.000
21866	0.000	0.000	0.000	1.000
21867	0.000	0.000	0.000	1.000
21868	0.000	0.000	0.000	1.000
21869	0.000	0.000	0.000	1.000
21870	0.000	0.000	0.000	1.000
21871	0.000	0.000	0.000	1.000
21875	0.000	0.000	0.000	1.000
21883	0.000	0.000	0.000	1.000
21884	0.000	0.000	0.000	1.000
21885	0.000	0.000	0.000	1.000
21886	0.000	0.000	0.000	1.000
21887	0.000	0.000	0.000	1.000
21888	0.000	0.000	0.000	1.000
21889	0.000	0.000	0.000	1.000
21890	0.000	0.000	0.000	1.000
21891	0.000	0.000	0.000	1.000
21933	0.000	0.000	0.000	1.000
21934	0.000	0.000	0.000	1.000
21935	0.000	0.000	0.000	1.000
21936	0.000	0.000	0.000	1.000
21937	0.000	0.000	0.000	1.000
21938	0.000	0.000	0.000	1.000
21939	0.000	0.000	0.000	1.000
21940	0.000	0.000	0.000	1.000
21941	0.000	0.000	0.000	1.000
21942	0.000	0.000	0.000	1.000
21943	0.000	0.000	0.000	1.000
21944	0.000	0.000	0.000	1.000
21945	0.000	0.000	0.000	1.000
21946	0.000	0.000	0.000	1.000
21947	0.000	0.000	0.000	1.000
21948	0.000	0.000	0.000	1.000
21949	0.000	0.000	0.000	1.000
21950	0.000	0.000	0.000	1.000
21951	0.000	0.000	0.000	1.000
21952	0.000	0.000	0.000	1.000
21953	0.000	0.000	0.000	1.000
21954	0.000	0.000	0.000	1.000
21955	0.000	0.000	0.000	1.000
21956	0.000	0.000	0.000	1.000
21957	0.000	0.000	0.000	1.000
22862	0.000	0.000	0.000	1.000
22863	0.000	0.000	0.000	1.000
22864	0.000	0.000	0.000	1.000
22871	0.000	0.000	0.000	1.000
24242	0.000	0.000	0.000	1.000
24249	0.000	0.000	0.000	1.000
24259	0.000	0.000	0.000	1.000
24260	0.000	0.000	0.000	1.000
24261	0.000	0.000	0.000	1.000
24262	0.000	0.000	0.000	1.000
24263	0.000	0.000	0.000	1.000
24441	0.000	0.000	0.000	1.000
24443	0.000	0.000	0.000	1.000
24444	0.000	0.000	0.000	1.000
24445	0.000	0.000	0.000	1.000
25521	0.000	0.000	0.000	1.000
25522	0.000	0.000	0.000	1.000
25523	0.000	0.000	0.000	1.000
25524	0.000	0.000	0.000	1.000
25525	0.000	0.000	0.000	1.000
28089	0.000	0.000	0.000	1.000
28090	0.000	0.000	0.000	1.000
28091	0.000	0.000	0.000	1.000
28092	0.000	0.000	0.000	1.000
28093	0.000	0.000	0.000	1.000
28094	0.000	0.000	0.000	1.000
28095	0.000	0.000	0.000	1.000
28096	0.000	0.000	0.000	1.000
28097	0.000	0.000	0.000	1.000
28098	0.000	0.000	0.000	1.000
28106	0.000	0.000	0.000	1.000
28107	0.000	0.000	0.000	1.000
28108	0.000	0.000	0.000	1.000
28109	0.000	0.000	0.000	1.000
28110	0.000	0.000	0.000	1.000
28133	0.000	0.000	0.000	1.000
28134	0.000	0.000	0.000	1.000
28135	0.000	0.000	0.000	1.000
28136	0.000	0.000	0.000	1.000
28137	0.000	0.000	0.000	1.000
28138	0.000	0.000	0.000	1.000
28139	0.000	0.000	0.000	1.000
28140	0.000	0.000	0.000	1.000
28141	0.000	0.000	0.000	1.000
28142	0.000	0.000	0.000	1.000
28143	0.000	0.000	0.000	1.000
28144	0.000	0.000	0.000	1.000
28145	0.000	0.000	0.000	1.000
28146	0.000	0.000	0.000	1.000
28147	0.000	0.000	0.000	1.000
28148	0.000	0.000	0.000	1.000
28149	0.000	0.000	0.000	1.000
28150	0.000	0.000	0.000	1.000
28694	0.000	0.000	0.000	1.000
29610	0.000	0.000	0.000	1.000
29611	0.000	0.000	0.000	1.000
29612	0.000	0.000	0.000	1.000
31604	0.000	0.000	0.000	1.000
31605	0.000	0.000	0.000	1.000
31606	0.000	0.000	0.000	1.000
31607	0.000	0.000	0.000	1.000
31608	0.000	0.000	0.000	1.000
31609	0.000	0.000	0.000	1.000
31610	0.000	0.000	0.000	1.000
31621	0.000	0.000	0.000	1.000
31622	0.000	0.000	0.000	1.000
31623	0.000	0.000	0.000	1.000
31643	0.000	0.000	0.000	1.000
31644	0.000	0.000	0.000	1.000
31645	0.000	0.000	0.000	1.000
31646	0.000	0.000	0.000	1.000
31647	0.000	0.000	0.000	1.000
31648	0.000	0.000	0.000	1.000
31649	0.000	0.000	0.000	1.000
31650	0.000	0.000	0.000	1.000
31651	0.000	0.000	0.000	1.000
31652	0.000	0.000	0.000	1.000
31653	0.000	0.000	0.000	1.000
31654	0.000	0.000	0.000	1.000
31655	0.000	0.000	0.000	1.000
32079	0.000	0.000	0.000	1.000
34356	0.000	0.000	0.000	1.000
34357	0.000	0.000	0.000	1.000
34358	0.000	0.000	0.000	1.000
34359	0.000	0.000	0.000	1.000
34360	0.000	0.000	0.000	1.000
34361	0.000	0.000	0.000	1.000
34362	0.000	0.000	0.000	1.000
34363	0.000	0.000	0.000	1.000
34364	0.000	0.000	0.000	1.000
34365	0.000	0.000	0.000	1.000
34367	0.000	0.000	0.000	1.000
34368	0.000	0.000	0.000	1.000
34369	0.000	0.000	0.000	1.000
34372	0.000	0.000	0.000	1.000
39528	0.000	0.000	0.000	1.000
39529	0.000	0.000	0.000	1.000
39530	0.000	0.000	0.000	1.000
39531	0.000	0.000	0.000	1.000
39541	0.000	0.000	0.000	1.000
39553	0.000	0.000	0.000	1.000
39556	0.000	0.000	0.000	1.000
39557	0.000	0.000	0.000	1.000
39558	0.000	0.000	0.000	1.000
39559	0.000	0.000	0.000	1.000
39560	0.000	0.000	0.000	1.000
39561	0.000	0.000	0.000	1.000
39562	0.000	0.000	0.000	1.000
39563	0.000	0.000	0.000	1.000
39564	0.000	0.000	0.000	1.000
39565	0.000	0.000	0.000	1.000
39566	0.000	0.000	0.000	1.000
39567	0.000	0.000	0.000	1.000
39575	0.000	0.000	0.000	1.000
39576	0.000	0.000	0.000	1.000
39577	0.000	0.000	0.000	1.000
39578	0.000	0.000	0.000	1.000
39579	0.000	0.000	0.000	1.000
39580	0.000	0.000	0.000	1.000
39581	0.000	0.000	0.000	1.000
39638	0.000	0.000	0.000	1.000
39639	0.000	0.000	0.000	1.000
39640	0.000	0.000	0.000	1.000
39641	0.000	0.000	0.000	1.000
39642	0.000	0.000	0.000	1.000
39643	0.000	0.000	0.000	1.000
39644	0.000	0.000	0.000	1.000
39645	0.000	0.000	0.000	1.000
39646	0.000	0.000	0.000	1.000
39647	0.000	0.000	0.000	1.000
39648	0.000	0.000	0.000	1.000
39649	0.000	0.000	0.000	1.000
39650	0.000	0.000	0.000	1.000
39651	0.000	0.000	0.000	1.000
39652	0.000	0.000	0.000	1.000
39653	0.000	0.000	0.000	1.000
39654	0.000	0.000	0.000	1.000
39655	0.000	0.000	0.000	1.000
39656	0.000	0.000	0.000	1.000
39657	0.000	0.000	0.000	1.000
39658	0.000	0.000	0.000	1.000
39659	0.000	0.000	0.000	1.000
39660	0.000	0.000	0.000	1.000
39661	0.000	0.000	0.000	1.000
39662	0.000	0.000	0.000	1.000
39663	0.000	0.000	0.000	1.000
40747	0.000	0.000	0.000	1.000
40748	0.000	0.000	0.000	1.000
40749	0.000	0.000	0.000	1.000
40750	0.000	0.000	0.000	1.000
40751	0.000	0.000	0.000	1.000
40752	0.000	0.000	0.000	1.000
40756	0.000	0.000	0.000	1.000
41638	0.000	0.000	0.000	1.000
41739	0.000	0.000	0.000	1.000
41740	0.000	0.000	0.000	1.000
41741	0.000	0.000	0.000	1.000
42339	0.000	0.000	0.000	1.000
42340	0.000	0.000	0.000	1.000
42341	0.000	0.000	0.000	1.000
43765	0.000	0.000	0.000	1.000
43766	0.000	0.000	0.000	1.000
43767	0.000	0.000	0.000	1.000
43768	0.000	0.000	0.000	1.000
43772	0.000	0.000	0.000	1.000
43773	0.000	0.000	0.000	1.000
43774	0.000	0.000	0.000	1.000
43775	0.000	0.000	0.000	1.000
43776	0.000	0.000	0.000	1.000
43788	0.000	0.000	0.000	1.000
43789	0.000	0.000	0.000	1.000
43790	0.000	0.000	0.000	1.000
43791	0.000	0.000	0.000	1.000
43792	0.000	0.000	0.000	1.000
43793	0.000	0.000	0.000	1.000
43794	0.000	0.000	0.000	1.000
43795	0.000	0.000	0.000	1.000
43796	0.000	0.000	0.000	1.000
43797	0.000	0.000	0.000	1.000
43798	0.000	0.000	0.000	1.000
43799	0.000	0.000	0.000	1.000
44102	0.000	0.000	0.000	1.000
44103	0.000	0.000	0.000	1.000
44104	0.000	0.000	0.000	1.000
46172	0.000	0.000	0.000	1.000
46173	0.000	0.000	0.000	1.000
46174	0.000	0.000	0.000	1.000
46175	0.000	0.000	0.000	1.000
46176	0.000	0.000	0.000	1.000
46188	0.000	0.000	0.000	1.000
46189	0.000	0.000	0.000	1.000
46190	0.000	0.000	0.000	1.000
46191	0.000	0.000	0.000	1.000
46192	0.000	0.000	0.000	1.000
46193	0.000	0.000	0.000	1.000
46194	0.000	0.000	0.000	1.000
46195	0.000	0.000	0.000	1.000
46196	0.000	0.000	0.000	1.000
46197	0.000	0.000	0.000	1.000
46198	0.000	0.000	0.000	1.000
46199	0.000	0.000	0.000	1.000
46200	0.000	0.000	0.000	1.000
46201	0.000	0.000	0.000	1.000
46497	0.000	0.000	0.000	1.000
46498	0.000	0.000	0.000	1.000
46499	0.000	0.000	0.000	1.000
46500	0.000	0.000	0.000	1.000
46501	0.000	0.000	0.000	1.000
48294	0.000	0.000	0.000	1.000
48295	0.000	0.000	0.000	1.000
48296	0.000	0.000	0.000	1.000
48297	0.000	0.000	0.000	1.000
48298	0.000	0.000	0.000	1.000
48299	0.000	0.000	0.000	1.000
48300	0.000	0.000	0.000	1.000
48301	0.000	0.000	0.000	1.000
52575	0.000	0.000	0.000	1.000
52576	0.000	0.000	0.000	1.000
52577	0.000	0.000	0.000	1.000
52578	0.000	0.000	0.000	1.000
52579	0.000	0.000	0.000	1.000
52580	0.000	0.000	0.000	1.000
52582	0.000	0.000	0.000	1.000
52584	0.000	0.000	0.000	1.000
52585	0.000	0.000	0.000	1.000
52586	0.000	0.000	0.000	1.000
52587	0.000	0.000	0.000	1.000
52588	0.000	0.000	0.000	1.000
52589	0.000	0.000	0.000	1.000
52590	0.000	0.000	0.000	1.000
52591	0.000	0.000	0.000	1.000
52600	0.000	0.000	0.000	1.000
52602	0.000	0.000	0.000	1.000
52603	0.000	0.000	0.000	1.000
52604	0.000	0.000	0.000	1.000
52605	0.000	0.000	0.000	1.000
52606	0.000	0.000	0.000	1.000
52607	0.000	0.000	0.000	1.000
52608	0.000	0.000	0.000	1.000
52609	0.000	0.000	0.000	1.000
52610	0.000	0.000	0.000	1.000
52611	0.000	0.000	0.000	1.000
52653	0.000	0.000	0.000	1.000
52654	0.000	0.000	0.000	1.000
52655	0.000	0.000	0.000	1.000
52656	0.000	0.000	0.000	1.000
52657	0.000	0.000	0.000	1.000
52658	0.000	0.000	0.000	1.000
52659	0.000	0.000	0.000	1.000
52660	0.000	0.000	0.000	1.000
52661	0.000	0.000	0.000	1.000
52662	0.000	0.000	0.000	1.000
52663	0.000	0.000	0.000	1.000
52664	0.000	0.000	0.000	1.000
52665	0.000	0.000	0.000	1.000
52666	0.000	0.000	0.000	1.000
52667	0.000	0.000	0.000	1.000
52668	0.000	0.000	0.000	1.000
52669	0.000	0.000	0.000	1.000
52670	0.000	0.000	0.000	1.000
52671	0.000	0.000	0.000	1.000
52672	0.000	0.000	0.000	1.000
52673	0.000	0.000	0.000	1.000
52674	0.000	0.000	0.000	1.000
52676	0.000	0.000	0.000	1.000
52677	0.000	0.000	0.000	1.000
53582	0.000	0.000	0.000	1.000
53583	0.000	0.000	0.000	1.000
53584	0.000	0.000	0.000	1.000
55772	0.000	0.000	0.000	1.000
55774	0.000	0.000	0.000	1.000
55775	0.000	0.000	0.000	1.000
55776	0.000	0.000	0.000	1.000
55788	0.000	0.000	0.000	1.000
55790	0.000	0.000	0.000	1.000
55791	0.000	0.000	0.000	1.000
55792	0.000	0.000	0.000	1.000
55793	0.000	0.000	0.000	1.000
55794	0.000	0.000	0.000	1.000
55795	0.000	0.000	0.000	1.000
55796	0.000	0.000	0.000	1.000
55797	0.000	0.000	0.000	1.000
55798	0.000	0.000	0.000	1.000
55799	0.000	0.000	0.000	1.000
56094	0.000	0.000	0.000	1.000
56095	0.000	0.000	0.000	1.000
56096	0.000	0.000	0.000	1.000
56097	0.000	0.000	0.000	1.000
56098	0.000	0.000	0.000	1.000
56099	0.000	0.000	0.000	1.000
56100	0.000	0.000	0.000	1.000
56101	0.000	0.000	0.000	1.000
57894	0.000	0.000	0.000	1.000
57895	0.000	0.000	0.000	1.000
57896	0.000	0.000	0.000	1.000
57897	0.000	0.000	0.000	1.000
57898	0.000	0.000	0.000	1.000
57899	0.000	0.000	0.000	1.000
57900	0.000	0.000	0.000	1.000
57901	0.000	0.000	0.000	1.000
62175	0.000	0.000	0.000	1.000
62176	0.000	0.000	0.000	1.000
62177	0.000	0.000	0.000	1.000
62178	0.000	0.000	0.000	1.000
62179	0.000	0.000	0.000	1.000
62180	0.000	0.000	0.000	1.000
62181	0.000	0.000	0.000	1.000
62182	0.000	0.000	0.000	1.000
62183	0.000	0.000	0.000	1.000
62184	0.000	0.000	0.000	1.000
62185	0.000	0.000	0.000	1.000
62186	0.000	0.000	0.000	1.000
62187	0.000	0.000	0.000	1.000
62188	0.000	0.000	0.000	1.000
62189	0.000	0.000	0.000	1.000
62190	0.000	0.000	0.000	1.000
62191	0.000	0.000	0.000	1.000
62200	0.000	0.000	0.000	1.000
62202	0.000	0.000	0.000	1.000
62203	0.000	0.000	0.000	1.000
62204	0.000	0.000	0.000	1.000
62205	0.000	0.000	0.000	1.000
62206	0.000	0.000	0.000	1.000
62207	0.000	0.000	0.000	1.000
62208	0.000	0.000	0.000	1.000
62209	0.000	0.000	0.000	1.000
62210	0.000	0.000	0.000	1.000
62211	0.000	0.000	0.000	1.000
62243	0.000	0.000	0.000	1.000
62245	0.000	0.000	0.000	1.000
62246	0.000	0.000	0.000	1.000
62247	0.000	0.000	0.000	1.000
62248	0.000	0.000	0.000	1.000
62250	0.000	0.000	0.000	1.000
62251	0.000	0.000	0.000	1.000
62252	0.000	0.000	0.000	1.000
62253	0.000	0.000	0.000	1.000
62254	0.000	0.000	0.000	1.000
62255	0.000	0.000	0.000	1.000
62256	0.000	0.000	0.000	1.000
62257	0.000	0.000	0.000	1.000
62258	0.000	0.000	0.000	1.000
62259	0.000	0.000	0.000	1.000
62260	0.000	0.000	0.000	1.000
62261	0.000	0.000	0.000	1.000
62262	0.000	0.000	0.000	1.000
62263	0.000	0.000	0.000	1.000
62264	0.000	0.000	0.000	1.000
62265	0.000	0.000	0.000	1.000
62266	0.000	0.000	0.000	1.000
62267	0.000	0.000	0.000	1.000
62268	0.000	0.000	0.000	1.000
62269	0.000	0.000	0.000	1.000
62270	0.000	0.000	0.000	1.000
62271	0.000	0.000	0.000	1.000
62272	0.000	0.000	0.000	1.000
62273	0.000	0.000	0.000	1.000
62274	0.000	0.000	0.000	1.000
62275	0.000	0.000	0.000	1.000
62276	0.000	0.000	0.000	1.000
62277	0.000	0.000	0.000	1.000
62278	0.000	0.000	0.000	1.000
63182	0.000	0.000	0.000	1.000
63184	0.000	0.000	0.000	1.000
63185	0.000	0.000	0.000	1.000
63186	0.000	0.000	0.000	1.000
65094	0.000	0.000	0.000	1.000
65095	0.000	0.000	0.000	1.000
65096	0.000	0.000	0.000	1.000
69370	0.000	0.000	0.000	1.000
69371	0.000	0.000	0.000	1.000
69372	0.000	0.000	0.000	1.000
69373	0.000	0.000	0.000	1.000
69374	0.000	0.000	0.000	1.000
69376	0.000	0.000	0.000	1.000
69378	0.000	0.000	0.000	1.000
69379	0.000	0.000	0.000	1.000
69380	0.000	0.000	0.000	1.000
69381	0.000	0.000	0.000	1.000
69382	0.000	0.000	0.000	1.000
69383	0.000	0.000	0.000	1.000
69400	0.000	0.000	0.000	1.000
69401	0.000	0.000	0.000	1.000
69402	0.000	0.000	0.000	1.000
69404	0.000	0.000	0.000	1.000
69405	0.000	0.000	0.000	1.000
69406	0.000	0.000	0.000	1.000
69407	0.000	0.000	0.000	1.000
69408	0.000	0.000	0.000	1.000
69409	0.000	0.000	0.000	1.000
69410	0.000	0.000	0.000	1.000
69411	0.000	0.000	0.000	1.000
69450	0.000	0.000	0.000	1.000
69452	0.000	0.000	0.000	1.000
69453	0.000	0.000	0.000	1.000
69454	0.000	0.000	0.000	1.000
69455	0.000	0.000	0.000	1.000
69456	0.000	0.000	0.000	1.000
69457	0.000	0.000	0.000	1.000
69458	0.000	0.000	0.000	1.000
69459	0.000	0.000	0.000	1.000
69460	0.000	0.000	0.000	1.000
69461	0.000	0.000	0.000	1.000
69462	0.000	0.000	0.000	1.000
69463	0.000	0.000	0.000	1.000
69464	0.000	0.000	0.000	1.000
69465	0.000	0.000	0.000	1.000
69466	0.000	0.000	0.000	1.000
69467	0.000	0.000	0.000	1.000
69468	0.000	0.000	0.000	1.000
69469	0.000	0.000	0.000	1.000
69470	0.000	0.000	0.000	1.000
69471	0.000	0.000	0.000	1.000
69472	0.000	0.000	0.000	1.000
69473	0.000	0.000	0.000	1.000
69474	0.000	0.000	0.000	1.000
69475	0.000	0.000	0.000	1.000
69476	0.000	0.000	0.000	1.000
69477	0.000	0.000	0.000	1.000
69478	0.000	0.000	0.000	1.000
69479	0.000	0.000	0.000	1.000
69481	0.000	0.000	0.000	1.000
70367	0.000	0.000	0.000	1.000
75759	0.000	0.000	0.000	1.000
75760	0.000	0.000	0.000	1.000
75761	0.000	0.000	0.000	1.000
75762	0.000	0.000	0.000	1.000
75763	0.000	0.000	0.000	1.000
75764	0.000	0.000	0.000	1.000
75765	0.000	0.000	0.000	1.000
75766	0.000	0.000	0.000	1.000
75767	0.000	0.000	0.000	1.000
75768	0.000	0.000	0.000	1.000
75769	0.000	0.000	0.000	1.000
75770	0.000	0.000	0.000	1.000
75771	0.000	0.000	0.000	1.000
75772	0.000	0.000	0.000	1.000
75773	0.000	0.000	0.000	1.000
75774	0.000	0.000	0.000	1.000
75775	0.000	0.000	0.000	1.000
75776	0.000	0.000	0.000	1.000
75777	0.000	0.000	0.000	1.000
75778	0.000	0.000	0.000	1.000
75779	0.000	0.000	0.000	1.000
75780	0.000	0.000	0.000	1.000
75781	0.000	0.000	0.000	1.000
75782	0.000	0.000	0.000	1.000
75783	0.000	0.000	0.000	1.000
75784	0.000	0.000	0.000	1.000
75788	0.000	0.000	0.000	1.000
88574	0.000	0.000	0.000	1.000
88575	0.000	0.000	0.000	1.000
88576	0.000	0.000	0.000	1.000
88577	0.000	0.000	0.000	1.000
88578	0.000	0.000	0.000	1.000
88579	0.000	0.000	0.000	1.000
88580	0.000	0.000	0.000	1.000
88581	0.000	0.000	0.000	1.000
88605	0.000	0.000	0.000	1.000
88606	0.000	0.000	0.000	1.000
88607	0.000	0.000	0.000	1.000
88608	0.000	0.000	0.000	1.000
88613	0.000	0.000	0.000	1.000
88635	0.000	0.000	0.000	1.000
88636	0.000	0.000	0.000	1.000
88637	0.000	0.000	0.000	1.000
88638	0.000	0.000	0.000	1.000
88639	0.000	0.000	0.000	1.000
88640	0.000	0.000	0.000	1.000
88642	0.000	0.000	0.000	1.000
88643	0.000	0.000	0.000	1.000
88644	0.000	0.000	0.000	1.000
88645	0.000	0.000	0.000	1.000
88646	0.000	0.000	0.000	1.000
88647	0.000	0.000	0.000	1.000
88648	0.000	0.000	0.000	1.000
88649	0.000	0.000	0.000	1.000
88650	0.000	0.000	0.000	1.000
88651	0.000	0.000	0.000	1.000
88652	0.000	0.000	0.000	1.000
88653	0.000	0.000	0.000	1.000
88654	0.000	0.000	0.000	1.000
88655	0.000	0.000	0.000	1.000
88656	0.000	0.000	0.000	1.000
88658	0.000	0.000	0.000	1.000
88659	0.000	0.000	0.000	1.000
88662	0.000	0.000	0.000	1.000
88663	0.000	0.000	0.000	1.000
88664	0.000	0.000	0.000	1.000
88665	0.000	0.000	0.000	1.000
88666	0.000	0.000	0.000	1.000
88667	0.000	0.000	0.000	1.000
88668	0.000	0.000	0.000	1.000
88669	0.000	0.000	0.000	1.000
88670	0.000	0.000	0.000	1.000
88671	0.000	0.000	0.000	1.000
88690	0.000	0.000	0.000	1.000
88691	0.000	0.000	0.000	1.000
88692	0.000	0.000	0.000	1.000
88693	0.000	0.000	0.000	1.000
88694	0.000	0.000	0.000	1.000
88695	0.000	0.000	0.000	1.000
88696	0.000	0.000	0.000	1.000
88697	0.000	0.000	0.000	1.000
88698	0.000	0.000	0.000	1.000
88699	0.000	0.000	0.000	1.000
88700	0.000	0.000	0.000	1.000
88701	0.000	0.000	0.000	1.000
88702	0.000	0.000	0.000	1.000
88703	0.000	0.000	0.000	1.000
88704	0.000	0.000	0.000	1.000
88705	0.000	0.000	0.000	1.000
88706	0.000	0.000	0.000	1.000
88707	0.000	0.000	0.000	1.000
88708	0.000	0.000	0.000	1.000
88712	0.000	0.000	0.000	1.000
88838	0.000	0.000	0.000	1.000
88840	0.000	0.000	0.000	1.000
88841	0.000	0.000	0.000	1.000
88848	0.000	0.000	0.000	1.000
88849	0.000	0.000	0.000	1.000
88850	0.000	0.000	0.000	1.000
88851	0.000	0.000	0.000	1.000
88852	0.000	0.000	0.000	1.000
88853	0.000	0.000	0.000	1.000
88854	0.000	0.000	0.000	1.000
88855	0.000	0.000	0.000	1.000
88856	0.000	0.000	0.000	1.000
88857	0.000	0.000	0.000	1.000
88858	0.000	0.000	0.000	1.000
88859	0.000	0.000	0.000	1.000
88860	0.000	0.000	0.000	1.000
88861	0.000	0.000	0.000	1.000
88862	0.000	0.000	0.000	1.000
88863	0.000	0.000	0.000	1.000
88864	0.000	0.000	0.000	1.000
88865	0.000	0.000	0.000	1.000
88866	0.000	0.000	0.000	1.000
88867	0.000	0.000	0.000	1.000
88868	0.000	0.000	0.000	1.000
88869	0.000	0.000	0.000	1.000
88870	0.000	0.000	0.000	1.000
88871	0.000	0.000	0.000	1.000
88872	0.000	0.000	0.000	1.000
88873	0.000	0.000	0.000	1.000
88874	0.000	0.000	0.000	1.000
88875	0.000	0.000	0.000	1.000
88876	0.000	0.000	0.000	1.000
88877	0.000	0.000	0.000	1.000
88878	0.000	0.000	0.000	1.000
88879	0.000	0.000	0.000	1.000
88880	0.000	0.000	0.000	1.000
88881	0.000	0.000	0.000	1.000
88882	0.000	0.000	0.000	1.000
88883	0.000	0.000	0.000	1.000
88884	0.000	0.000	0.000	1.000
88885	0.000	0.000	0.000	1.000
88886	0.000	0.000	0.000	1.000
88887	0.000	0.000	0.000	1.000
88888	0.000	0.000	0.000	1.000
88889	0.000	0.000	0.000	1.000
88890	0.000	0.000	0.000	1.000
88891	0.000	0.000	0.000	1.000
88892	0.000	0.000	0.000	1.000
88893	0.000	0.000	0.000	1.000
88894	0.000	0.000	0.000	1.000
88895	0.000	0.000	0.000	1.000
88896	0.000	0.000	0.000	1.000
88897	0.000	0.000	0.000	1.000
88898	0.000	0.000	0.000	1.000
88899	0.000	0.000	0.000	1.000
88900	0.000	0.000	0.000	1.000
88901	0.000	0.000	0.000	1.000
88902	0.000	0.000	0.000	1.000
88903	0.000	0.000	0.000	1.000
88904	0.000	0.000	0.000	1.000
88905	0.000	0.000	0.000	1.000
88906	0.000	0.000	0.000	1.000
88907	0.000	0.000	0.000	1.000
88908	0.000	0.000	0.000	1.000
88909	0.000	0.000	0.000	1.000
88910	0.000	0.000	0.000	1.000
88911	0.000	0.000	0.000	1.000
88912	0.000	0.000	0.000	1.000
88913	0.000	0.000	0.000	1.000
88914	0.000	0.000	0.000	1.000
91622	0.000	0.000	0.000	1.000
91623	0.000	0.000	0.000	1.000
91624	0.000	0.000	0.000	1.000
91625	0.000	0.000	0.000	1.000
91626	0.000	0.000	0.000	1.000
91627	0.000	0.000	0.000	1.000
91628	0.000	0.000	0.000	1.000
91629	0.000	0.000	0.000	1.000
91630	0.000	0.000	0.000	1.000
91631	0.000	0.000	0.000	1.000
91632	0.000	0.000	0.000	1.000
91633	0.000	0.000	0.000	1.000
91634	0.000	0.000	0.000	1.000
91635	0.000	0.000	0.000	1.000
91636	0.000	0.000	0.000	1.000
91637	0.000	0.000	0.000	1.000
91638	0.000	0.000	0.000	1.000
91639	0.000	0.000	0.000	1.000
91645	0.000	0.000	0.000	1.000
91646	0.000	0.000	0.000	1.000
91647	0.000	0.000	0.000	1.000
91648	0.000	0.000	0.000	1.000
91649	0.000	0.000	0.000	1.000
93369	0.000	0.000	0.000	1.000
93378	0.000	0.000	0.000	1.000
93379	0.000	0.000	0.000	1.000
93380	0.000	0.000	0.000	1.000
93381	0.000	0.000	0.000	1.000
93382	0.000	0.000	0.000	1.000
93561	0.000	0.000	0.000	1.000
93562	0.000	0.000	0.000	1.000
93563	0.000	0.000	0.000	1.000
93564	0.000	0.000	0.000	1.000
93565	0.000	0.000	0.000	1.000
94641	0.000	0.000	0.000	1.000
94642	0.000	0.000	0.000	1.000
94643	0.000	0.000	0.000	1.000
94644	0.000	0.000	0.000	1.000
94645	0.000	0.000	0.000	1.000
97209	0.000	0.000	0.000	1.000
97210	0.000	0.000	0.000	1.000
97211	0.000	0.000	0.000	1.000
97212	0.000	0.000	0.000	1.000
97213	0.000	0.000	0.000	1.000
97214	0.000	0.000	0.000	1.000
97215	0.000	0.000	0.000	1.000
97216	0.000	0.000	0.000	1.000
97222	0.000	0.000	0.000	1.000
97223	0.000	0.000	0.000	1.000
97224	0.000	0.000	0.000	1.000
97225	0.000	0.000	0.000	1.000
97226	0.000	0.000	0.000	1.000
97227	0.000	0.000	0.000	1.000
97228	0.000	0.000	0.000	1.000
97229	0.000	0.000	0.000	1.000
97230	0.000	0.000	0.000	1.000
97250	0.000	0.000	0.000	1.000
97251	0.000	0.000	0.000	1.000
97252	0.000	0.000	0.000	1.000
97253	0.000	0.000	0.000	1.000
97254	0.000	0.000	0.000	1.000
97255	0.000	0.000	0.000	1.000
97256	0.000	0.000	0.000	1.000
97257	0.000	0.000	0.000	1.000
97258	0.000	0.000	0.000	1.000
97259	0.000	0.000	0.000	1.000
97260	0.000	0.000	0.000	1.000
97261	0.000	0.000	0.000	1.000
97262	0.000	0.000	0.000	1.000
97263	0.000	0.000	0.000	1.000
97264	0.000	0.000	0.000	1.000
97265	0.000	0.000	0.000	1.000
97266	0.000	0.000	0.000	1.000
97267	0.000	0.000	0.000	1.000
97268	0.000	0.000	0.000	1.000
97269	0.000	0.000	0.000	1.000
97270	0.000	0.000	0.000	1.000
97814	0.000	0.000	0.000	1.000
97815	0.000	0.000	0.000	1.000
97816	0.000	0.000	0.000	1.000
97817	0.000	0.000	0.000	1.000
97818	0.000	0.000	0.000	1.000
98961	0.000	0.000	0.000	1.000
98962	0.000	0.000	0.000	1.000
101528	0.000	0.000	0.000	1.000
101542	0.000	0.000	0.000	1.000
101544	0.000	0.000	0.000	1.000
101545	0.000	0.000	0.000	1.000
101546	0.000	0.000	0.000	1.000
101547	0.000	0.000	0.000	1.000
101548	0.000	0.000	0.000	1.000
101549	0.000	0.000	0.000	1.000
101550	0.000	0.000	0.000	1.000
101574	0.000	0.000	0.000	1.000
101575	0.000	0.000	0.000	1.000
101576	0.000	0.000	0.000	1.000
101577	0.000	0.000	0.000	1.000
101578	0.000	0.000	0.000	1.000
101579	0.000	0.000	0.000	1.000
101580	0.000	0.000	0.000	1.000
101581	0.000	0.000	0.000	1.000
101582	0.000	0.000	0.000	1.000
101583	0.000	0.000	0.000	1.000
101584	0.000	0.000	0.000	1.000
101585	0.000	0.000	0.000	1.000
101586	0.000	0.000	0.000	1.000
101587	0.000	0.000	0.000	1.000
101588	0.000	0.000	0.000	1.000
101589	0.000	0.000	0.000	1.000
101590	0.000	0.000	0.000	1.000
101591	0.000	0.000	0.000	1.000
101592	0.000	0.000	0.000	1.000
102125	0.000	0.000	0.000	1.000
102126	0.000	0.000	0.000	1.000
102127	0.000	0.000	0.000	1.000
102128	0.000	0.000	0.000	1.000
105360	0.000	0.000	0.000	1.000
105361	0.000	0.000	0.000	1.000
105362	0.000	0.000	0.000	1.000
105363	0.000	0.000	0.000	1.000
105364	0.000	0.000	0.000	1.000
105365	0.000	0.000	0.000	1.000
105366	0.000	0.000	0.000	1.000
105367	0.000	0.000	0.000	1.000
105368	0.000	0.000	0.000	1.000
105369	0.000	0.000	0.000	1.000
105370	0.000	0.000	0.000	1.000
105371	0.000	0.000	0.000	1.000
105372	0.000	0.000	0.000	1.000
105373	0.000	0.000	0.000	1.000
105375	0.000	0.000	0.000	1.000
113052	0.000	0.000	0.000	1.000
113067	0.000	0.000	0.000	1.000
113068	0.000	0.000	0.000	1.000
113069	0.000	0.000	0.000	1.000
113070	0.000	0.000	0.000	1.000
113071	0.000	0.000	0.000	1.000
113072	0.000	0.000	0.000	1.000
113073	0.000	0.000	0.000	1.000
113074	0.000	0.000	0.000	1.000
113085	0.000	0.000	0.000	1.000
113086	0.000	0.000	0.000	1.000
113087	0.000	0.000	0.000	1.000
113088	0.000	0.000	0.000	1.000
113089	0.000	0.000	0.000	1.000
113090	0.000	0.000	0.000	1.000
113091	0.000	0.000	0.000	1.000
113092	0.000	0.000	0.000	1.000
113093	0.000	0.000	0.000	1.000
113094	0.000	0.000	0.000	1.000
113095	0.000	0.000	0.000	1.000
113096	0.000	0.000	0.000	1.000
113097	0.000	0.000	0.000	1.000
113099	0.000	0.000	0.000	1.000
113103	0.000	0.000	0.000	1.000
113117	0.000	0.000	0.000	1.000
113118	0.000	0.000	0.000	1.000
113119	0.000	0.000	0.000	1.000
113120	0.000	0.000	0.000	1.000
113121	0.000	0.000	0.000	1.000
113122	0.000	0.000	0.000	1.000
113123	0.000	0.000	0.000	1.000
113124	0.000	0.000	0.000	1.000
113125	0.000	0.000	0.000	1.000
113126	0.000	0.000	0.000	1.000
113127	0.000	0.000	0.000	1.000
113128	0.000	0.000	0.000	1.000
113129	0.000	0.000	0.000	1.000
113130	0.000	0.000	0.000	1.000
113131	0.000	0.000	0.000	1.000
113132	0.000	0.000	0.000	1.000
113133	0.000	0.000	0.000	1.000
113207	0.000	0.000	0.000	1.000
113208	0.000	0.000	0.000	1.000
113209	0.000	0.000	0.000	1.000
113210	0.000	0.000	0.000	1.000
113211	0.000	0.000	0.000	1.000
113212	0.000	0.000	0.000	1.000
113213	0.000	0.000	0.000	1.000
113214	0.000	0.000	0.000	1.000
113215	0.000	0.000	0.000	1.000
113216	0.000	0.000	0.000	1.000
113217	0.000	0.000	0.000	1.000
113218	0.000	0.000	0.000	1.000
113219	0.000	0.000	0.000	1.000
113220	0.000	0.000	0.000	1.000
113221	0.000	0.000	0.000	1.000
113222	0.000	0.000	0.000	1.000
113223	0.000	0.000	0.000	1.000
113224	0.000	0.000	0.000	1.000
113225	0.000	0.000	0.000	1.000
113226	0.000	0.000	0.000	1.000
113227	0.000	0.000	0.000	1.000
113228	0.000	0.000	0.000	1.000
113229	0.000	0.000	0.000	1.000
113230	0.000	0.000	0.000	1.000
113231	0.000	0.000	0.000	1.000
113232	0.000	0.000	0.000	1.000
113233	0.000	0.000	0.000	1.000
113234	0.000	0.000	0.000	1.000
113235	0.000	0.000	0.000	1.000
113236	0.000	0.000	0.000	1.000
113237	0.000	0.000	0.000	1.000
113238	0.000	0.000	0.000	1.000
113239	0.000	0.000	0.000	1.000
113240	0.000	0.000	0.000	1.000
113241	0.000	0.000	0.000	1.000
113242	0.000	0.000	0.000	1.000
113243	0.000	0.000	0.000	1.000
113244	0.000	0.000	0.000	1.000
113245	0.000	0.000	0.000	1.000
113246	0.000	0.000	0.000	1.000
113247	0.000	0.000	0.000	1.000
113248	0.000	0.000	0.000	1.000
113249	0.000	0.000	0.000	1.000
113250	0.000	0.000	0.000	1.000
113251	0.000	0.000	0.000	1.000
113252	0.000	0.000	0.000	1.000
114878	0.000	0.000	0.000	1.000
114879	0.000	0.000	0.000	1.000
114880	0.000	0.000	0.000	1.000
114881	0.000	0.000	0.000	1.000
114882	0.000	0.000	0.000	1.000
114893	0.000	0.000	0.000	1.000
118021	0.000	0.000	0.000	1.000
118022	0.000	0.000	0.000	1.000
118023	0.000	0.000	0.000	1.000
118043	0.000	0.000	0.000	1.000
118044	0.000	0.000	0.000	1.000
118045	0.000	0.000	0.000	1.000
118046	0.000	0.000	0.000	1.000
118047	0.000	0.000	0.000	1.000
118048	0.000	0.000	0.000	1.000
118049	0.000	0.000	0.000	1.000
118050	0.000	0.000	0.000	1.000
118051	0.000	0.000	0.000	1.000
118052	0.000	0.000	0.000	1.000
118053	0.000	0.000	0.000	1.000
118054	0.000	0.000	0.000	1.000
118055	0.000	0.000	0.000	1.000
118056	0.000	0.000	0.000	1.000
118057	0.000	0.000	0.000	1.000
118467	0.000	0.000	0.000	1.000
118468	0.000	0.000	0.000	1.000
118469	0.000	0.000	0.000	1.000
118470	0.000	0.000	0.000	1.000
118471	0.000	0.000	0.000	1.000
118472	0.000	0.000	0.000	1.000
118473	0.000	0.000	0.000	1.000
118474	0.000	0.000	0.000	1.000
118475	0.000	0.000	0.000	1.000
118476	0.000	0.000	0.000	1.000
118477	0.000	0.000	0.000	1.000
120987	0.000	0.000	0.000	1.000
120988	0.000	0.000	0.000	1.000
120989	0.000	0.000	0.000	1.000
120990	0.000	0.000	0.000	1.000
120991	0.000	0.000	0.000	1.000
120992	0.000	0.000	0.000	1.000
120993	0.000	0.000	0.000	1.000
120994	0.000	0.000	0.000	1.000
120995	0.000	0.000	0.000	1.000
120996	0.000	0.000	0.000	1.000
120997	0.000	0.000	0.000	1.000
126981	0.000	0.000	0.000	1.000
126982	0.000	0.000	0.000	1.000
126983	0.000	0.000	0.000	1.000
126984	0.000	0.000	0.000	1.000
126985	0.000	0.000	0.000	1.000
126986	0.000	0.000	0.000	1.000
126987	0.000	0.000	0.000	1.000
126988	0.000	0.000	0.000	1.000
126989	0.000	0.000	0.000	1.000
126990	0.000	0.000	0.000	1.000
126991	0.000	0.000	0.000	1.000
126992	0.000	0.000	0.000	1.000
126993	0.000	0.000	0.000	1.000
126994	0.000	0.000	0.000	1.000
126995	0.000	0.000	0.000	1.000
126996	0.000	0.000	0.000	1.000
126997	0.000	0.000	0.000	1.000
126998	0.000	0.000	0.000	1.000
126999	0.000	0.000	0.000	1.000
127000	0.000	0.000	0.000	1.000
127001	0.000	0.000	0.000	1.000
127002	0.000	0.000	0.000	1.000
127003	0.000	0.000	0.000	1.000
127021	0.000	0.000	0.000	1.000
127022	0.000	0.000	0.000	1.000
127023	0.000	0.000	0.000	1.000
127024	0.000	0.000	0.000	1.000
127025	0.000	0.000	0.000	1.000
127026	0.000	0.000	0.000	1.000
127027	0.000	0.000	0.000	1.000
127028	0.000	0.000	0.000	1.000
127029	0.000	0.000	0.000	1.000
127030	0.000	0.000	0.000	1.000
127031	0.000	0.000	0.000	1.000
127032	0.000	0.000	0.000	1.000
127081	0.000	0.000	0.000	1.000
127082	0.000	0.000	0.000	1.000
127086	0.000	0.000	0.000	1.000
127088	0.000	0.000	0.000	1.000
127089	0.000	0.000	0.000	1.000
127090	0.000	0.000	0.000	1.000
127091	0.000	0.000	0.000	1.000
127092	0.000	0.000	0.000	1.000
127093	0.000	0.000	0.000	1.000
127094	0.000	0.000	0.000	1.000
127095	0.000	0.000	0.000	1.000
127096	0.000	0.000	0.000	1.000
127097	0.000	0.000	0.000	1.000
127098	0.000	0.000	0.000	1.000
127099	0.000	0.000	0.000	1.000
127100	0.000	0.000	0.000	1.000
127101	0.000	0.000	0.000	1.000
127102	0.000	0.000	0.000	1.000
127103	0.000	0.000	0.000	1.000
127104	0.000	0.000	0.000	1.000
127105	0.000	0.000	0.000	1.000
127106	0.000	0.000	0.000	1.000
127107	0.000	0.000	0.000	1.000
127108	0.000	0.000	0.000	1.000
127109	0.000	0.000	0.000	1.000
127110	0.000	0.000	0.000	1.000
127111	0.000	0.000	0.000	1.000
127112	0.000	0.000	0.000	1.000
127113	0.000	0.000	0.000	1.000
127114	0.000	0.000	0.000	1.000
127115	0.000	0.000	0.000	1.000
127116	0.000	0.000	0.000	1.000
127117	0.000	0.000	0.000	1.000
127118	0.000	0.000	0.000	1.000
127119	0.000	0.000	0.000	1.000
127120	0.000	0.000	0.000	1.000
127121	0.000	0.000	0.000	1.000
127122	0.000	0.000	0.000	1.000
127123	0.000	0.000	0.000	1.000
127124	0.000	0.000	0.000	1.000
127125	0.000	0.000	0.000	1.000
128390	0.000	0.000	0.000	1.000
128391	0.000	0.000	0.000	1.000
128395	0.000	0.000	0.000	1.000
130836	0.000	0.000	0.000	1.000
130837	0.000	0.000	0.000	1.000
130838	0.000	0.000	0.000	1.000
130839	0.000	0.000	0.000	1.000
130841	0.000	0.000	0.000	1.000
136252	0.000	0.000	0.000	1.000
136253	0.000	0.000	0.000	1.000
136255	0.000	0.000	0.000	1.000
136256	0.000	0.000	0.000	1.000
136257	0.000	0.000	0.000	1.000
136258	0.000	0.000	0.000	1.000
136259	0.000	0.000	0.000	1.000
136260	0.000	0.000	0.000	1.000
136261	0.000	0.000	0.000	1.000
136262	0.000	0.000	0.000	1.000
136264	0.000	0.000	0.000	1.000
136265	0.000	0.000	0.000	1.000
136266	0.000	0.000	0.000	1.000
136267	0.000	0.000	0.000	1.000
136268	0.000	0.000	0.000	1.000
136269	0.000	0.000	0.000	1.000
136270	0.000	0.000	0.000	1.000
136271	0.000	0.000	0.000	1.000
136274	0.000	0.000	0.000	1.000
136299	0.000	0.000	0.000	1.000
136300	0.000	0.000	0.000	1.000
136301	0.000	0.000	0.000	1.000
136302	0.000	0.000	0.000	1.000
136303	0.000	0.000	0.000	1.000
136304	0.000	0.000	0.000	1.000
136305	0.000	0.000	0.000	1.000
136357	0.000	0.000	0.000	1.000
136358	0.000	0.000	0.000	1.000
136359	0.000	0.000	0.000	1.000
136360	0.000	0.000	0.000	1.000
136361	0.000	0.000	0.000	1.000
136362	0.000	0.000	0.000	1.000
136363	0.000	0.000	0.000	1.000
136364	0.000	0.000	0.000	1.000
136365	0.000	0.000	0.000	1.000
136366	0.000	0.000	0.000	1.000
136367	0.000	0.000	0.000	1.000
136368	0.000	0.000	0.000	1.000
136369	0.000	0.000	0.000	1.000
136370	0.000	0.000	0.000	1.000
136371	0.000	0.000	0.000	1.000
136372	0.000	0.000	0.000	1.000
136373	0.000	0.000	0.000	1.000
136374	0.000	0.000	0.000	1.000
136375	0.000	0.000	0.000	1.000
136376	0.000	0.000	0.000	1.000
136377	0.000	0.000	0.000	1.000
136378	0.000	0.000	0.000	1.000
136379	0.000	0.000	0.000	1.000
136380	0.000	0.000	0.000	1.000
136381	0.000	0.000	0.000	1.000
136382	0.000	0.000	0.000	1.000
136383	0.000	0.000	0.000	1.000
136384	0.000	0.000	0.000	1.000
136385	0.000	0.000	0.000	1.000
136386	0.000	0.000	0.000	1.000
136387	0.000	0.000	0.000	1.000
136388	0.000	0.000	0.000	1.000
136389	0.000	0.000	0.000	1.000
136390	0.000	0.000	0.000	1.000
136391	0.000	0.000	0.000	1.000
137535	0.000	0.000	0.000	1.000
144114	0.000	0.000	0.000	1.000
144115	0.000	0.000	0.000	1.000
144116	0.000	0.000	0.000	1.000
144117	0.000	0.000	0.000	1.000
144118	0.000	0.000	0.000	1.000
144119	0.000	0.000	0.000	1.000
144120	0.000	0.000	0.000	1.000
144121	0.000	0.000	0.000	1.000
144122	0.000	0.000	0.000	1.000
144123	0.000	0.000	0.000	1.000
144124	0.000	0.000	0.000	1.000
144125	0.000	0.000	0.000	1.000
144126	0.000	0.000	0.000	1.000
144127	0.000	0.000	0.000	1.000
144128	0.000	0.000	0.000	1.000
144129	0.000	0.000	0.000	1.000
144130	0.000	0.000	0.000	1.000
144131	0.000	0.000	0.000	1.000
144132	0.000	0.000	0.000	1.000
144133	0.000	0.000	0.000	1.000
144134	0.000	0.000	0.000	1.000
144135	0.000	0.000	0.000	1.000
144136	0.000	0.000	0.000	1.000
144137	0.000	0.000	0.000	1.000
144138	0.000	0.000	0.000	1.000
144139	0.000	0.000	0.000	1.000
144140	0.000	0.000	0.000	1.000
144141	0.000	0.000	0.000	1.000
144143	0.000	0.000	0.000	1.000
144144	0.000	0.000	0.000	1.000
144145	0.000	0.000	0.000	1.000
144146	0.000	0.000	0.000	1.000
144147	0.000	0.000	0.000	1.000
144148	0.000	0.000	0.000	1.000
144149	0.000	0.000	0.000	1.000
144150	0.000	0.000	0.000	1.000
144151	0.000	0.000	0.000	1.000
144159	0.000	0.000	0.000	1.000
144160	0.000	0.000	0.000	1.000
144161	0.000	0.000	0.000	1.000
144163	0.000	0.000	0.000	1.000
144166	0.000	0.000	0.000	1.000
159540	0.000	0.000	0.000	1.000
159541	0.000	0.000	0.000	1.000
159542	0.000	0.000	0.000	1.000
159543	0.000	0.000	0.000	1.000
159544	0.000	0.000	0.000	1.000
159545	0.000	0.000	0.000	1.000
159546	0.000	0.000	0.000	1.000
159547	0.000	0.000	0.000	1.000
159548	0.000	0.000	0.000	1.000
159549	0.000	0.000	0.000	1.000
159580	0.000	0.000	0.000	1.000
159613	0.000	0.000	0.000	1.000
159614	0.000	0.000	0.000	1.000
159615	0.000	0.000	0.000	1.000
159616	0.000	0.000	0.000	1.000
159617	0.000	0.000	0.000	1.000
159623	0.000	0.000	0.000	1.000
159624	0.000	0.000	0.000	1.000
159625	0.000	0.000	0.000	1.000
159626	0.000	0.000	0.000	1.000
159627	0.000	0.000	0.000	1.000
159628	0.000	0.000	0.000	1.000
159629	0.000	0.000	0.000	1.000
159630	0.000	0.000	0.000	1.000
159631	0.000	0.000	0.000	1.000
159632	0.000	0.000	0.000	1.000
159633	0.000	0.000	0.000	1.000
159634	0.000	0.000	0.000	1.000
159635	0.000	0.000	0.000	1.000
159636	0.000	0.000	0.000	1.000
159637	0.000	0.000	0.000	1.000
159638	0.000	0.000	0.000	1.000
159639	0.000	0.000	0.000	1.000
159640	0.000	0.000	0.000	1.000
159641	0.000	0.000	0.000	1.000
159642	0.000	0.000	0.000	1.000
159643	0.000	0.000	0.000	1.000
159644	0.000	0.000	0.000	1.000
159645	0.000	0.000	0.000	1.000
159646	0.000	0.000	0.000	1.000
159647	0.000	0.000	0.000	1.000
159648	0.000	0.000	0.000	1.000
159649	0.000	0.000	0.000	1.000
159650	0.000	0.000	0.000	1.000
159651	0.000	0.000	0.000	1.000
159652	0.000	0.000	0.000	1.000
159653	0.000	0.000	0.000	1.000
159654	0.000	0.000	0.000	1.000
159655	0.000	0.000	0.000	1.000
159656	0.000	0.000	0.000	1.000
159657	0.000	0.000	0.000	1.000
159679	0.000	0.000	0.000	1.000
159680	0.000	0.000	0.000	1.000
159681	0.000	0.000	0.000	1.000
159682	0.000	0.000	0.000	1.000
159683	0.000	0.000	0.000	1.000
159684	0.000	0.000	0.000	1.000
159685	0.000	0.000	0.000	1.000
159686	0.000	0.000	0.000	1.000
159687	0.000	0.000	0.000	1.000
159688	0.000	0.000	0.000	1.000
159689	0.000	0.000	0.000	1.000
159690	0.000	0.000	0.000	1.000
159691	0.000	0.000	0.000	1.000
159692	0.000	0.000	0.000	1.000
159693	0.000	0.000	0.000	1.000
159694	0.000	0.000	0.000	1.000
159695	0.000	0.000	0.000	1.000
159696	0.000	0.000	0.000	1.000
159697	0.000	0.000	0.000	1.000
159698	0.000	0.000	0.000	1.000
159699	0.000	0.000	0.000	1.000
159700	0.000	0.000	0.000	1.000
159701	0.000	0.000	0.000	1.000
159868	0.000	0.000	0.000	1.000
159874	0.000	0.000	0.000	1.000
159875	0.000	0.000	0.000	1.000
159876	0.000	0.000	0.000	1.000
159877	0.000	0.000	0.000	1.000
159878	0.000	0.000	0.000	1.000
159879	0.000	0.000	0.000	1.000
159880	0.000	0.000	0.000	1.000
159881	0.000	0.000	0.000	1.000
159882	0.000	0.000	0.000	1.000
159883	0.000	0.000	0.000	1.000
159884	0.000	0.000	0.000	1.000
159885	0.000	0.000	0.000	1.000
159886	0.000	0.000	0.000	1.000
159887	0.000	0.000	0.000	1.000
159888	0.000	0.000	0.000	1.000
159889	0.000	0.000	0.000	1.000
159890	0.000	0.000	0.000	1.000
159891	0.000	0.000	0.000	1.000
159892	0.000	0.000	0.000	1.000
159893	0.000	0.000	0.000	1.000
159894	0.000	0.000	0.000	1.000
159895	0.000	0.000	0.000	1.000
159896	0.000	0.000	0.000	1.000
159897	0.000	0.000	0.000	1.000
159898	0.000	0.000	0.000	1.000
159899	0.000	0.000	0.000	1.000
159900	0.000	0.000	0.000	1.000
159901	0.000	0.000	0.000	1.000
159902	0.000	0.000	0.000	1.000
159903	0.000	0.000	0.000	1.000
159904	0.000	0.000	0.000	1.000
159905	0.000	0.000	0.000	1.000
159906	0.000	0.000	0.000	1.000
159907	0.000	0.000	0.000	1.000
159908	0.000	0.000	0.000	1.000
159909	0.000	0.000	0.000	1.000
159910	0.000	0.000	0.000	1.000
159911	0.000	0.000	0.000	1.000
159912	0.000	0.000	0.000	1.000
159913	0.000	0.000	0.000	1.000
159914	0.000	0.000	0.000	1.000
159915	0.000	0.000	0.000	1.000
159916	0.000	0.000	0.000	1.000
159917	0.000	0.000	0.000	1.000
159918	0.000	0.000	0.000	1.000
159919	0.000	0.000	0.000	1.000
159920	0.000	0.000	0.000	1.000
159921	0.000	0.000	0.000	1.000
159922	0.000	0.000	0.000	1.000
159923	0.000	0.000	0.000	1.000
159924	0.000	0.000	0.000	1.000
159925	0.000	0.000	0.000	1.000
159926	0.000	0.000	0.000	1.000
159927	0.000	0.000	0.000	1.000
159928	0.000	0.000	0.000	1.000
159929	0.000	0.000	0.000	1.000
159930	0.000	0.000	0.000	1.000
159931	0.000	0.000	0.000	1.000
159932	0.000	0.000	0.000	1.000
159933	0.000	0.000	0.000	1.000
159934	0.000	0.000	0.000	1.000
159935	0.000	0.000	0.000	1.000
159936	0.000	0.000	0.000	1.000
159937	0.000	0.000	0.000	1.000
159938	0.000	0.000	0.000	1.000
159939	0.000	0.000	0.000	1.000
159940	0.000	0.000	0.000	1.000
159941	0.000	0.000	0.000	1.000
159942	0.000	0.000	0.000	1.000
159943	0.000	0.000	0.000	1.000
159944	0.000	0.000	0.000	1.000
159945	0.000	0.000	0.000	1.000
159946	0.000	0.000	0.000	1.000
159947	0.000	0.000	0.000	1.000
159948	0.000	0.000	0.000	1.000
163195	0.000	0.000	0.000	1.000
163196	0.000	0.000	0.000	1.000
163197	0.000	0.000	0.000	1.000
163198	0.000	0.000	0.000	1.000
163199	0.000	0.000	0.000	1.000
163200	0.000	0.000	0.000	1.000
163201	0.000	0.000	0.000	1.000
163202	0.000	0.000	0.000	1.000
163203	0.000	0.000	0.000	1.000
163204	0.000	0.000	0.000	1.000
163205	0.000	0.000	0.000	1.000
163206	0.000	0.000	0.000	1.000
163207	0.000	0.000	0.000	1.000
163208	0.000	0.000	0.000	1.000
163209	0.000	0.000	0.000	1.000
163210	0.000	0.000	0.000	1.000
163211	0.000	0.000	0.000	1.000
163212	0.000	0.000	0.000	1.000
163213	0.000	0.000	0.000	1.000
163222	0.000	0.000	0.000	1.000
163223	0.000	0.000	0.000	1.000
163224	0.000	0.000	0.000	1.000
163225	0.000	0.000	0.000	1.000
163226	0.000	0.000	0.000	1.000
163227	0.000	0.000	0.000	1.000
