# label file from inverse_write_label [13-May-2021]
1936
123	0.000	0.000	0.000	1.000
125	0.000	0.000	0.000	1.000
269	0.000	0.000	0.000	1.000
271	0.000	0.000	0.000	1.000
283	0.000	0.000	0.000	1.000
534	0.000	0.000	0.000	1.000
535	0.000	0.000	0.000	1.000
749	0.000	0.000	0.000	1.000
762	0.000	0.000	0.000	1.000
763	0.000	0.000	0.000	1.000
1169	0.000	0.000	0.000	1.000
1171	0.000	0.000	0.000	1.000
1174	0.000	0.000	0.000	1.000
1175	0.000	0.000	0.000	1.000
1209	0.000	0.000	0.000	1.000
1210	0.000	0.000	0.000	1.000
1211	0.000	0.000	0.000	1.000
1212	0.000	0.000	0.000	1.000
1637	0.000	0.000	0.000	1.000
1638	0.000	0.000	0.000	1.000
1641	0.000	0.000	0.000	1.000
1661	0.000	0.000	0.000	1.000
1662	0.000	0.000	0.000	1.000
1663	0.000	0.000	0.000	1.000
2240	0.000	0.000	0.000	1.000
2241	0.000	0.000	0.000	1.000
2243	0.000	0.000	0.000	1.000
2244	0.000	0.000	0.000	1.000
2284	0.000	0.000	0.000	1.000
2683	0.000	0.000	0.000	1.000
3089	0.000	0.000	0.000	1.000
3090	0.000	0.000	0.000	1.000
3091	0.000	0.000	0.000	1.000
3092	0.000	0.000	0.000	1.000
3093	0.000	0.000	0.000	1.000
3094	0.000	0.000	0.000	1.000
3095	0.000	0.000	0.000	1.000
3096	0.000	0.000	0.000	1.000
3130	0.000	0.000	0.000	1.000
3131	0.000	0.000	0.000	1.000
3132	0.000	0.000	0.000	1.000
3133	0.000	0.000	0.000	1.000
3689	0.000	0.000	0.000	1.000
3690	0.000	0.000	0.000	1.000
3691	0.000	0.000	0.000	1.000
3695	0.000	0.000	0.000	1.000
3696	0.000	0.000	0.000	1.000
3728	0.000	0.000	0.000	1.000
3729	0.000	0.000	0.000	1.000
3730	0.000	0.000	0.000	1.000
3731	0.000	0.000	0.000	1.000
3732	0.000	0.000	0.000	1.000
3733	0.000	0.000	0.000	1.000
4957	0.000	0.000	0.000	1.000
4958	0.000	0.000	0.000	1.000
4959	0.000	0.000	0.000	1.000
4960	0.000	0.000	0.000	1.000
4961	0.000	0.000	0.000	1.000
4962	0.000	0.000	0.000	1.000
4964	0.000	0.000	0.000	1.000
4965	0.000	0.000	0.000	1.000
4966	0.000	0.000	0.000	1.000
4967	0.000	0.000	0.000	1.000
4968	0.000	0.000	0.000	1.000
4969	0.000	0.000	0.000	1.000
4970	0.000	0.000	0.000	1.000
4971	0.000	0.000	0.000	1.000
5070	0.000	0.000	0.000	1.000
5071	0.000	0.000	0.000	1.000
5072	0.000	0.000	0.000	1.000
5957	0.000	0.000	0.000	1.000
5958	0.000	0.000	0.000	1.000
5961	0.000	0.000	0.000	1.000
5980	0.000	0.000	0.000	1.000
5981	0.000	0.000	0.000	1.000
5982	0.000	0.000	0.000	1.000
5983	0.000	0.000	0.000	1.000
6715	0.000	0.000	0.000	1.000
6716	0.000	0.000	0.000	1.000
6717	0.000	0.000	0.000	1.000
6722	0.000	0.000	0.000	1.000
6723	0.000	0.000	0.000	1.000
6724	0.000	0.000	0.000	1.000
6725	0.000	0.000	0.000	1.000
6786	0.000	0.000	0.000	1.000
6787	0.000	0.000	0.000	1.000
6788	0.000	0.000	0.000	1.000
6789	0.000	0.000	0.000	1.000
7661	0.000	0.000	0.000	1.000
7662	0.000	0.000	0.000	1.000
7663	0.000	0.000	0.000	1.000
7664	0.000	0.000	0.000	1.000
7670	0.000	0.000	0.000	1.000
7671	0.000	0.000	0.000	1.000
7715	0.000	0.000	0.000	1.000
7716	0.000	0.000	0.000	1.000
7717	0.000	0.000	0.000	1.000
7718	0.000	0.000	0.000	1.000
7719	0.000	0.000	0.000	1.000
7720	0.000	0.000	0.000	1.000
7721	0.000	0.000	0.000	1.000
7722	0.000	0.000	0.000	1.000
7723	0.000	0.000	0.000	1.000
9278	0.000	0.000	0.000	1.000
9279	0.000	0.000	0.000	1.000
9280	0.000	0.000	0.000	1.000
9281	0.000	0.000	0.000	1.000
9282	0.000	0.000	0.000	1.000
9283	0.000	0.000	0.000	1.000
9288	0.000	0.000	0.000	1.000
9289	0.000	0.000	0.000	1.000
9290	0.000	0.000	0.000	1.000
9291	0.000	0.000	0.000	1.000
9292	0.000	0.000	0.000	1.000
9293	0.000	0.000	0.000	1.000
9294	0.000	0.000	0.000	1.000
9297	0.000	0.000	0.000	1.000
9301	0.000	0.000	0.000	1.000
9302	0.000	0.000	0.000	1.000
9412	0.000	0.000	0.000	1.000
9413	0.000	0.000	0.000	1.000
9415	0.000	0.000	0.000	1.000
10363	0.000	0.000	0.000	1.000
10769	0.000	0.000	0.000	1.000
10770	0.000	0.000	0.000	1.000
10771	0.000	0.000	0.000	1.000
10772	0.000	0.000	0.000	1.000
10773	0.000	0.000	0.000	1.000
10774	0.000	0.000	0.000	1.000
10775	0.000	0.000	0.000	1.000
10776	0.000	0.000	0.000	1.000
10810	0.000	0.000	0.000	1.000
10811	0.000	0.000	0.000	1.000
10812	0.000	0.000	0.000	1.000
10813	0.000	0.000	0.000	1.000
11369	0.000	0.000	0.000	1.000
11370	0.000	0.000	0.000	1.000
11371	0.000	0.000	0.000	1.000
11374	0.000	0.000	0.000	1.000
11375	0.000	0.000	0.000	1.000
11376	0.000	0.000	0.000	1.000
11408	0.000	0.000	0.000	1.000
11409	0.000	0.000	0.000	1.000
11410	0.000	0.000	0.000	1.000
11411	0.000	0.000	0.000	1.000
11412	0.000	0.000	0.000	1.000
11413	0.000	0.000	0.000	1.000
12638	0.000	0.000	0.000	1.000
12640	0.000	0.000	0.000	1.000
12641	0.000	0.000	0.000	1.000
12642	0.000	0.000	0.000	1.000
12643	0.000	0.000	0.000	1.000
12644	0.000	0.000	0.000	1.000
12645	0.000	0.000	0.000	1.000
12646	0.000	0.000	0.000	1.000
12647	0.000	0.000	0.000	1.000
12648	0.000	0.000	0.000	1.000
12649	0.000	0.000	0.000	1.000
12650	0.000	0.000	0.000	1.000
12651	0.000	0.000	0.000	1.000
12750	0.000	0.000	0.000	1.000
12751	0.000	0.000	0.000	1.000
12752	0.000	0.000	0.000	1.000
13769	0.000	0.000	0.000	1.000
13770	0.000	0.000	0.000	1.000
13807	0.000	0.000	0.000	1.000
13808	0.000	0.000	0.000	1.000
13809	0.000	0.000	0.000	1.000
13810	0.000	0.000	0.000	1.000
13811	0.000	0.000	0.000	1.000
13812	0.000	0.000	0.000	1.000
13813	0.000	0.000	0.000	1.000
15029	0.000	0.000	0.000	1.000
15031	0.000	0.000	0.000	1.000
15032	0.000	0.000	0.000	1.000
15033	0.000	0.000	0.000	1.000
15034	0.000	0.000	0.000	1.000
15035	0.000	0.000	0.000	1.000
15036	0.000	0.000	0.000	1.000
15040	0.000	0.000	0.000	1.000
15042	0.000	0.000	0.000	1.000
15044	0.000	0.000	0.000	1.000
15045	0.000	0.000	0.000	1.000
15046	0.000	0.000	0.000	1.000
15047	0.000	0.000	0.000	1.000
15048	0.000	0.000	0.000	1.000
15049	0.000	0.000	0.000	1.000
15050	0.000	0.000	0.000	1.000
15149	0.000	0.000	0.000	1.000
15150	0.000	0.000	0.000	1.000
15151	0.000	0.000	0.000	1.000
15152	0.000	0.000	0.000	1.000
15153	0.000	0.000	0.000	1.000
15154	0.000	0.000	0.000	1.000
15155	0.000	0.000	0.000	1.000
15156	0.000	0.000	0.000	1.000
15157	0.000	0.000	0.000	1.000
15159	0.000	0.000	0.000	1.000
15160	0.000	0.000	0.000	1.000
15161	0.000	0.000	0.000	1.000
15162	0.000	0.000	0.000	1.000
16829	0.000	0.000	0.000	1.000
16830	0.000	0.000	0.000	1.000
16831	0.000	0.000	0.000	1.000
16833	0.000	0.000	0.000	1.000
16847	0.000	0.000	0.000	1.000
16848	0.000	0.000	0.000	1.000
16849	0.000	0.000	0.000	1.000
16850	0.000	0.000	0.000	1.000
16851	0.000	0.000	0.000	1.000
16945	0.000	0.000	0.000	1.000
16946	0.000	0.000	0.000	1.000
16947	0.000	0.000	0.000	1.000
16948	0.000	0.000	0.000	1.000
16949	0.000	0.000	0.000	1.000
16950	0.000	0.000	0.000	1.000
16951	0.000	0.000	0.000	1.000
16952	0.000	0.000	0.000	1.000
16953	0.000	0.000	0.000	1.000
16954	0.000	0.000	0.000	1.000
16955	0.000	0.000	0.000	1.000
16956	0.000	0.000	0.000	1.000
16957	0.000	0.000	0.000	1.000
16958	0.000	0.000	0.000	1.000
16959	0.000	0.000	0.000	1.000
16960	0.000	0.000	0.000	1.000
16961	0.000	0.000	0.000	1.000
16962	0.000	0.000	0.000	1.000
16963	0.000	0.000	0.000	1.000
20632	0.000	0.000	0.000	1.000
20633	0.000	0.000	0.000	1.000
20634	0.000	0.000	0.000	1.000
20635	0.000	0.000	0.000	1.000
20636	0.000	0.000	0.000	1.000
20637	0.000	0.000	0.000	1.000
20638	0.000	0.000	0.000	1.000
20639	0.000	0.000	0.000	1.000
20643	0.000	0.000	0.000	1.000
20644	0.000	0.000	0.000	1.000
20645	0.000	0.000	0.000	1.000
20646	0.000	0.000	0.000	1.000
20647	0.000	0.000	0.000	1.000
20657	0.000	0.000	0.000	1.000
20658	0.000	0.000	0.000	1.000
20659	0.000	0.000	0.000	1.000
20660	0.000	0.000	0.000	1.000
20661	0.000	0.000	0.000	1.000
20662	0.000	0.000	0.000	1.000
20663	0.000	0.000	0.000	1.000
20664	0.000	0.000	0.000	1.000
20665	0.000	0.000	0.000	1.000
20666	0.000	0.000	0.000	1.000
20667	0.000	0.000	0.000	1.000
20668	0.000	0.000	0.000	1.000
20669	0.000	0.000	0.000	1.000
20670	0.000	0.000	0.000	1.000
20671	0.000	0.000	0.000	1.000
20672	0.000	0.000	0.000	1.000
20673	0.000	0.000	0.000	1.000
20674	0.000	0.000	0.000	1.000
20683	0.000	0.000	0.000	1.000
20692	0.000	0.000	0.000	1.000
20693	0.000	0.000	0.000	1.000
20694	0.000	0.000	0.000	1.000
20970	0.000	0.000	0.000	1.000
20971	0.000	0.000	0.000	1.000
20972	0.000	0.000	0.000	1.000
20973	0.000	0.000	0.000	1.000
20974	0.000	0.000	0.000	1.000
20975	0.000	0.000	0.000	1.000
20978	0.000	0.000	0.000	1.000
20979	0.000	0.000	0.000	1.000
20980	0.000	0.000	0.000	1.000
23261	0.000	0.000	0.000	1.000
23262	0.000	0.000	0.000	1.000
23263	0.000	0.000	0.000	1.000
23993	0.000	0.000	0.000	1.000
23994	0.000	0.000	0.000	1.000
23995	0.000	0.000	0.000	1.000
23996	0.000	0.000	0.000	1.000
23997	0.000	0.000	0.000	1.000
23998	0.000	0.000	0.000	1.000
24000	0.000	0.000	0.000	1.000
24001	0.000	0.000	0.000	1.000
24002	0.000	0.000	0.000	1.000
24003	0.000	0.000	0.000	1.000
24004	0.000	0.000	0.000	1.000
24005	0.000	0.000	0.000	1.000
24066	0.000	0.000	0.000	1.000
24067	0.000	0.000	0.000	1.000
24068	0.000	0.000	0.000	1.000
24069	0.000	0.000	0.000	1.000
24070	0.000	0.000	0.000	1.000
24071	0.000	0.000	0.000	1.000
24072	0.000	0.000	0.000	1.000
24073	0.000	0.000	0.000	1.000
25073	0.000	0.000	0.000	1.000
25074	0.000	0.000	0.000	1.000
25075	0.000	0.000	0.000	1.000
25076	0.000	0.000	0.000	1.000
25083	0.000	0.000	0.000	1.000
25084	0.000	0.000	0.000	1.000
25085	0.000	0.000	0.000	1.000
25086	0.000	0.000	0.000	1.000
25143	0.000	0.000	0.000	1.000
25144	0.000	0.000	0.000	1.000
25145	0.000	0.000	0.000	1.000
25146	0.000	0.000	0.000	1.000
25147	0.000	0.000	0.000	1.000
25148	0.000	0.000	0.000	1.000
25149	0.000	0.000	0.000	1.000
25150	0.000	0.000	0.000	1.000
25151	0.000	0.000	0.000	1.000
25152	0.000	0.000	0.000	1.000
25153	0.000	0.000	0.000	1.000
27355	0.000	0.000	0.000	1.000
27356	0.000	0.000	0.000	1.000
27357	0.000	0.000	0.000	1.000
27358	0.000	0.000	0.000	1.000
27359	0.000	0.000	0.000	1.000
27362	0.000	0.000	0.000	1.000
27363	0.000	0.000	0.000	1.000
27364	0.000	0.000	0.000	1.000
27365	0.000	0.000	0.000	1.000
27366	0.000	0.000	0.000	1.000
27367	0.000	0.000	0.000	1.000
27368	0.000	0.000	0.000	1.000
27370	0.000	0.000	0.000	1.000
27371	0.000	0.000	0.000	1.000
27372	0.000	0.000	0.000	1.000
27373	0.000	0.000	0.000	1.000
27374	0.000	0.000	0.000	1.000
27375	0.000	0.000	0.000	1.000
27376	0.000	0.000	0.000	1.000
27377	0.000	0.000	0.000	1.000
27378	0.000	0.000	0.000	1.000
27379	0.000	0.000	0.000	1.000
27380	0.000	0.000	0.000	1.000
27381	0.000	0.000	0.000	1.000
27558	0.000	0.000	0.000	1.000
27559	0.000	0.000	0.000	1.000
27560	0.000	0.000	0.000	1.000
27561	0.000	0.000	0.000	1.000
27562	0.000	0.000	0.000	1.000
27563	0.000	0.000	0.000	1.000
27564	0.000	0.000	0.000	1.000
29261	0.000	0.000	0.000	1.000
29262	0.000	0.000	0.000	1.000
29263	0.000	0.000	0.000	1.000
29271	0.000	0.000	0.000	1.000
29313	0.000	0.000	0.000	1.000
29314	0.000	0.000	0.000	1.000
29315	0.000	0.000	0.000	1.000
29316	0.000	0.000	0.000	1.000
29317	0.000	0.000	0.000	1.000
29318	0.000	0.000	0.000	1.000
29319	0.000	0.000	0.000	1.000
29320	0.000	0.000	0.000	1.000
29321	0.000	0.000	0.000	1.000
29322	0.000	0.000	0.000	1.000
29323	0.000	0.000	0.000	1.000
31030	0.000	0.000	0.000	1.000
31031	0.000	0.000	0.000	1.000
31035	0.000	0.000	0.000	1.000
31045	0.000	0.000	0.000	1.000
31046	0.000	0.000	0.000	1.000
31047	0.000	0.000	0.000	1.000
31048	0.000	0.000	0.000	1.000
31049	0.000	0.000	0.000	1.000
31050	0.000	0.000	0.000	1.000
31051	0.000	0.000	0.000	1.000
31052	0.000	0.000	0.000	1.000
31053	0.000	0.000	0.000	1.000
31054	0.000	0.000	0.000	1.000
31055	0.000	0.000	0.000	1.000
31194	0.000	0.000	0.000	1.000
31195	0.000	0.000	0.000	1.000
31196	0.000	0.000	0.000	1.000
31197	0.000	0.000	0.000	1.000
31198	0.000	0.000	0.000	1.000
31199	0.000	0.000	0.000	1.000
31200	0.000	0.000	0.000	1.000
31201	0.000	0.000	0.000	1.000
31202	0.000	0.000	0.000	1.000
31203	0.000	0.000	0.000	1.000
31209	0.000	0.000	0.000	1.000
33413	0.000	0.000	0.000	1.000
33414	0.000	0.000	0.000	1.000
33415	0.000	0.000	0.000	1.000
33416	0.000	0.000	0.000	1.000
33417	0.000	0.000	0.000	1.000
33418	0.000	0.000	0.000	1.000
33419	0.000	0.000	0.000	1.000
33420	0.000	0.000	0.000	1.000
33421	0.000	0.000	0.000	1.000
33424	0.000	0.000	0.000	1.000
33436	0.000	0.000	0.000	1.000
33437	0.000	0.000	0.000	1.000
33438	0.000	0.000	0.000	1.000
33439	0.000	0.000	0.000	1.000
33440	0.000	0.000	0.000	1.000
33441	0.000	0.000	0.000	1.000
33559	0.000	0.000	0.000	1.000
33560	0.000	0.000	0.000	1.000
33561	0.000	0.000	0.000	1.000
33562	0.000	0.000	0.000	1.000
33563	0.000	0.000	0.000	1.000
33564	0.000	0.000	0.000	1.000
33565	0.000	0.000	0.000	1.000
33566	0.000	0.000	0.000	1.000
33567	0.000	0.000	0.000	1.000
33568	0.000	0.000	0.000	1.000
33569	0.000	0.000	0.000	1.000
33570	0.000	0.000	0.000	1.000
33571	0.000	0.000	0.000	1.000
33572	0.000	0.000	0.000	1.000
33573	0.000	0.000	0.000	1.000
33574	0.000	0.000	0.000	1.000
33575	0.000	0.000	0.000	1.000
33576	0.000	0.000	0.000	1.000
33577	0.000	0.000	0.000	1.000
33578	0.000	0.000	0.000	1.000
33579	0.000	0.000	0.000	1.000
33580	0.000	0.000	0.000	1.000
33581	0.000	0.000	0.000	1.000
33582	0.000	0.000	0.000	1.000
33583	0.000	0.000	0.000	1.000
38072	0.000	0.000	0.000	1.000
38073	0.000	0.000	0.000	1.000
38074	0.000	0.000	0.000	1.000
38075	0.000	0.000	0.000	1.000
38076	0.000	0.000	0.000	1.000
38077	0.000	0.000	0.000	1.000
38078	0.000	0.000	0.000	1.000
38079	0.000	0.000	0.000	1.000
38080	0.000	0.000	0.000	1.000
38082	0.000	0.000	0.000	1.000
38083	0.000	0.000	0.000	1.000
38084	0.000	0.000	0.000	1.000
38085	0.000	0.000	0.000	1.000
38086	0.000	0.000	0.000	1.000
38087	0.000	0.000	0.000	1.000
38088	0.000	0.000	0.000	1.000
38089	0.000	0.000	0.000	1.000
38108	0.000	0.000	0.000	1.000
38109	0.000	0.000	0.000	1.000
38110	0.000	0.000	0.000	1.000
38111	0.000	0.000	0.000	1.000
38112	0.000	0.000	0.000	1.000
38113	0.000	0.000	0.000	1.000
38114	0.000	0.000	0.000	1.000
38115	0.000	0.000	0.000	1.000
38117	0.000	0.000	0.000	1.000
38118	0.000	0.000	0.000	1.000
38119	0.000	0.000	0.000	1.000
38120	0.000	0.000	0.000	1.000
38121	0.000	0.000	0.000	1.000
38122	0.000	0.000	0.000	1.000
38123	0.000	0.000	0.000	1.000
38131	0.000	0.000	0.000	1.000
38132	0.000	0.000	0.000	1.000
38133	0.000	0.000	0.000	1.000
38134	0.000	0.000	0.000	1.000
38143	0.000	0.000	0.000	1.000
38144	0.000	0.000	0.000	1.000
38145	0.000	0.000	0.000	1.000
38146	0.000	0.000	0.000	1.000
38147	0.000	0.000	0.000	1.000
38477	0.000	0.000	0.000	1.000
38478	0.000	0.000	0.000	1.000
38479	0.000	0.000	0.000	1.000
38480	0.000	0.000	0.000	1.000
38481	0.000	0.000	0.000	1.000
38482	0.000	0.000	0.000	1.000
38485	0.000	0.000	0.000	1.000
38486	0.000	0.000	0.000	1.000
38487	0.000	0.000	0.000	1.000
41489	0.000	0.000	0.000	1.000
41490	0.000	0.000	0.000	1.000
41491	0.000	0.000	0.000	1.000
41492	0.000	0.000	0.000	1.000
41493	0.000	0.000	0.000	1.000
41494	0.000	0.000	0.000	1.000
41495	0.000	0.000	0.000	1.000
41496	0.000	0.000	0.000	1.000
41530	0.000	0.000	0.000	1.000
41531	0.000	0.000	0.000	1.000
41532	0.000	0.000	0.000	1.000
41533	0.000	0.000	0.000	1.000
42089	0.000	0.000	0.000	1.000
42090	0.000	0.000	0.000	1.000
42091	0.000	0.000	0.000	1.000
42092	0.000	0.000	0.000	1.000
42093	0.000	0.000	0.000	1.000
42094	0.000	0.000	0.000	1.000
42095	0.000	0.000	0.000	1.000
42096	0.000	0.000	0.000	1.000
42128	0.000	0.000	0.000	1.000
42130	0.000	0.000	0.000	1.000
42131	0.000	0.000	0.000	1.000
42132	0.000	0.000	0.000	1.000
42133	0.000	0.000	0.000	1.000
43360	0.000	0.000	0.000	1.000
43361	0.000	0.000	0.000	1.000
43362	0.000	0.000	0.000	1.000
43363	0.000	0.000	0.000	1.000
43364	0.000	0.000	0.000	1.000
43365	0.000	0.000	0.000	1.000
43366	0.000	0.000	0.000	1.000
43367	0.000	0.000	0.000	1.000
43368	0.000	0.000	0.000	1.000
43369	0.000	0.000	0.000	1.000
43370	0.000	0.000	0.000	1.000
43371	0.000	0.000	0.000	1.000
43470	0.000	0.000	0.000	1.000
43471	0.000	0.000	0.000	1.000
43472	0.000	0.000	0.000	1.000
44489	0.000	0.000	0.000	1.000
44490	0.000	0.000	0.000	1.000
44527	0.000	0.000	0.000	1.000
44528	0.000	0.000	0.000	1.000
44529	0.000	0.000	0.000	1.000
44530	0.000	0.000	0.000	1.000
44531	0.000	0.000	0.000	1.000
44532	0.000	0.000	0.000	1.000
44533	0.000	0.000	0.000	1.000
45749	0.000	0.000	0.000	1.000
45750	0.000	0.000	0.000	1.000
45751	0.000	0.000	0.000	1.000
45752	0.000	0.000	0.000	1.000
45753	0.000	0.000	0.000	1.000
45754	0.000	0.000	0.000	1.000
45755	0.000	0.000	0.000	1.000
45756	0.000	0.000	0.000	1.000
45760	0.000	0.000	0.000	1.000
45761	0.000	0.000	0.000	1.000
45762	0.000	0.000	0.000	1.000
45763	0.000	0.000	0.000	1.000
45764	0.000	0.000	0.000	1.000
45765	0.000	0.000	0.000	1.000
45766	0.000	0.000	0.000	1.000
45767	0.000	0.000	0.000	1.000
45768	0.000	0.000	0.000	1.000
45769	0.000	0.000	0.000	1.000
45770	0.000	0.000	0.000	1.000
45869	0.000	0.000	0.000	1.000
45870	0.000	0.000	0.000	1.000
45871	0.000	0.000	0.000	1.000
45872	0.000	0.000	0.000	1.000
45873	0.000	0.000	0.000	1.000
45874	0.000	0.000	0.000	1.000
45875	0.000	0.000	0.000	1.000
45876	0.000	0.000	0.000	1.000
45877	0.000	0.000	0.000	1.000
45878	0.000	0.000	0.000	1.000
45879	0.000	0.000	0.000	1.000
45880	0.000	0.000	0.000	1.000
45881	0.000	0.000	0.000	1.000
45882	0.000	0.000	0.000	1.000
45883	0.000	0.000	0.000	1.000
47549	0.000	0.000	0.000	1.000
47550	0.000	0.000	0.000	1.000
47551	0.000	0.000	0.000	1.000
47567	0.000	0.000	0.000	1.000
47568	0.000	0.000	0.000	1.000
47569	0.000	0.000	0.000	1.000
47570	0.000	0.000	0.000	1.000
47571	0.000	0.000	0.000	1.000
47665	0.000	0.000	0.000	1.000
47666	0.000	0.000	0.000	1.000
47667	0.000	0.000	0.000	1.000
47668	0.000	0.000	0.000	1.000
47669	0.000	0.000	0.000	1.000
47670	0.000	0.000	0.000	1.000
47671	0.000	0.000	0.000	1.000
47672	0.000	0.000	0.000	1.000
47673	0.000	0.000	0.000	1.000
47674	0.000	0.000	0.000	1.000
47675	0.000	0.000	0.000	1.000
47676	0.000	0.000	0.000	1.000
47677	0.000	0.000	0.000	1.000
47678	0.000	0.000	0.000	1.000
47679	0.000	0.000	0.000	1.000
47680	0.000	0.000	0.000	1.000
47681	0.000	0.000	0.000	1.000
47682	0.000	0.000	0.000	1.000
47683	0.000	0.000	0.000	1.000
51352	0.000	0.000	0.000	1.000
51353	0.000	0.000	0.000	1.000
51354	0.000	0.000	0.000	1.000
51355	0.000	0.000	0.000	1.000
51356	0.000	0.000	0.000	1.000
51357	0.000	0.000	0.000	1.000
51358	0.000	0.000	0.000	1.000
51359	0.000	0.000	0.000	1.000
51363	0.000	0.000	0.000	1.000
51364	0.000	0.000	0.000	1.000
51365	0.000	0.000	0.000	1.000
51366	0.000	0.000	0.000	1.000
51367	0.000	0.000	0.000	1.000
51368	0.000	0.000	0.000	1.000
51369	0.000	0.000	0.000	1.000
51377	0.000	0.000	0.000	1.000
51378	0.000	0.000	0.000	1.000
51379	0.000	0.000	0.000	1.000
51380	0.000	0.000	0.000	1.000
51381	0.000	0.000	0.000	1.000
51382	0.000	0.000	0.000	1.000
51383	0.000	0.000	0.000	1.000
51384	0.000	0.000	0.000	1.000
51385	0.000	0.000	0.000	1.000
51386	0.000	0.000	0.000	1.000
51387	0.000	0.000	0.000	1.000
51388	0.000	0.000	0.000	1.000
51389	0.000	0.000	0.000	1.000
51390	0.000	0.000	0.000	1.000
51391	0.000	0.000	0.000	1.000
51392	0.000	0.000	0.000	1.000
51393	0.000	0.000	0.000	1.000
51394	0.000	0.000	0.000	1.000
51395	0.000	0.000	0.000	1.000
51413	0.000	0.000	0.000	1.000
51690	0.000	0.000	0.000	1.000
51691	0.000	0.000	0.000	1.000
51692	0.000	0.000	0.000	1.000
51693	0.000	0.000	0.000	1.000
51694	0.000	0.000	0.000	1.000
51695	0.000	0.000	0.000	1.000
51696	0.000	0.000	0.000	1.000
51697	0.000	0.000	0.000	1.000
51698	0.000	0.000	0.000	1.000
51699	0.000	0.000	0.000	1.000
51700	0.000	0.000	0.000	1.000
54128	0.000	0.000	0.000	1.000
54130	0.000	0.000	0.000	1.000
54131	0.000	0.000	0.000	1.000
54132	0.000	0.000	0.000	1.000
54133	0.000	0.000	0.000	1.000
55349	0.000	0.000	0.000	1.000
55350	0.000	0.000	0.000	1.000
55351	0.000	0.000	0.000	1.000
55352	0.000	0.000	0.000	1.000
55353	0.000	0.000	0.000	1.000
55354	0.000	0.000	0.000	1.000
55355	0.000	0.000	0.000	1.000
55356	0.000	0.000	0.000	1.000
55357	0.000	0.000	0.000	1.000
55358	0.000	0.000	0.000	1.000
55359	0.000	0.000	0.000	1.000
55360	0.000	0.000	0.000	1.000
55361	0.000	0.000	0.000	1.000
55362	0.000	0.000	0.000	1.000
55363	0.000	0.000	0.000	1.000
55364	0.000	0.000	0.000	1.000
55365	0.000	0.000	0.000	1.000
55366	0.000	0.000	0.000	1.000
55367	0.000	0.000	0.000	1.000
55368	0.000	0.000	0.000	1.000
55369	0.000	0.000	0.000	1.000
55370	0.000	0.000	0.000	1.000
55371	0.000	0.000	0.000	1.000
55470	0.000	0.000	0.000	1.000
55471	0.000	0.000	0.000	1.000
55472	0.000	0.000	0.000	1.000
55473	0.000	0.000	0.000	1.000
55474	0.000	0.000	0.000	1.000
55475	0.000	0.000	0.000	1.000
55476	0.000	0.000	0.000	1.000
55477	0.000	0.000	0.000	1.000
55478	0.000	0.000	0.000	1.000
55479	0.000	0.000	0.000	1.000
55480	0.000	0.000	0.000	1.000
55481	0.000	0.000	0.000	1.000
55482	0.000	0.000	0.000	1.000
55483	0.000	0.000	0.000	1.000
57149	0.000	0.000	0.000	1.000
57150	0.000	0.000	0.000	1.000
57151	0.000	0.000	0.000	1.000
57152	0.000	0.000	0.000	1.000
57153	0.000	0.000	0.000	1.000
57154	0.000	0.000	0.000	1.000
57155	0.000	0.000	0.000	1.000
57156	0.000	0.000	0.000	1.000
57165	0.000	0.000	0.000	1.000
57166	0.000	0.000	0.000	1.000
57167	0.000	0.000	0.000	1.000
57168	0.000	0.000	0.000	1.000
57169	0.000	0.000	0.000	1.000
57170	0.000	0.000	0.000	1.000
57171	0.000	0.000	0.000	1.000
57265	0.000	0.000	0.000	1.000
57266	0.000	0.000	0.000	1.000
57267	0.000	0.000	0.000	1.000
57268	0.000	0.000	0.000	1.000
57269	0.000	0.000	0.000	1.000
57270	0.000	0.000	0.000	1.000
57271	0.000	0.000	0.000	1.000
57272	0.000	0.000	0.000	1.000
57273	0.000	0.000	0.000	1.000
57274	0.000	0.000	0.000	1.000
57275	0.000	0.000	0.000	1.000
57276	0.000	0.000	0.000	1.000
57277	0.000	0.000	0.000	1.000
57278	0.000	0.000	0.000	1.000
57279	0.000	0.000	0.000	1.000
57280	0.000	0.000	0.000	1.000
57281	0.000	0.000	0.000	1.000
57282	0.000	0.000	0.000	1.000
57283	0.000	0.000	0.000	1.000
60952	0.000	0.000	0.000	1.000
60953	0.000	0.000	0.000	1.000
60954	0.000	0.000	0.000	1.000
60955	0.000	0.000	0.000	1.000
60956	0.000	0.000	0.000	1.000
60957	0.000	0.000	0.000	1.000
60958	0.000	0.000	0.000	1.000
60959	0.000	0.000	0.000	1.000
60960	0.000	0.000	0.000	1.000
60961	0.000	0.000	0.000	1.000
60962	0.000	0.000	0.000	1.000
60963	0.000	0.000	0.000	1.000
60964	0.000	0.000	0.000	1.000
60965	0.000	0.000	0.000	1.000
60966	0.000	0.000	0.000	1.000
60967	0.000	0.000	0.000	1.000
60968	0.000	0.000	0.000	1.000
60969	0.000	0.000	0.000	1.000
60970	0.000	0.000	0.000	1.000
60971	0.000	0.000	0.000	1.000
60972	0.000	0.000	0.000	1.000
60973	0.000	0.000	0.000	1.000
60974	0.000	0.000	0.000	1.000
60975	0.000	0.000	0.000	1.000
60976	0.000	0.000	0.000	1.000
60977	0.000	0.000	0.000	1.000
60978	0.000	0.000	0.000	1.000
60979	0.000	0.000	0.000	1.000
60980	0.000	0.000	0.000	1.000
60981	0.000	0.000	0.000	1.000
60982	0.000	0.000	0.000	1.000
60983	0.000	0.000	0.000	1.000
60984	0.000	0.000	0.000	1.000
60985	0.000	0.000	0.000	1.000
60986	0.000	0.000	0.000	1.000
60987	0.000	0.000	0.000	1.000
60988	0.000	0.000	0.000	1.000
60989	0.000	0.000	0.000	1.000
60990	0.000	0.000	0.000	1.000
60991	0.000	0.000	0.000	1.000
60992	0.000	0.000	0.000	1.000
60993	0.000	0.000	0.000	1.000
60994	0.000	0.000	0.000	1.000
60995	0.000	0.000	0.000	1.000
60996	0.000	0.000	0.000	1.000
61290	0.000	0.000	0.000	1.000
61291	0.000	0.000	0.000	1.000
61292	0.000	0.000	0.000	1.000
61293	0.000	0.000	0.000	1.000
61294	0.000	0.000	0.000	1.000
61295	0.000	0.000	0.000	1.000
61296	0.000	0.000	0.000	1.000
61297	0.000	0.000	0.000	1.000
61298	0.000	0.000	0.000	1.000
61299	0.000	0.000	0.000	1.000
64349	0.000	0.000	0.000	1.000
64350	0.000	0.000	0.000	1.000
64351	0.000	0.000	0.000	1.000
64367	0.000	0.000	0.000	1.000
64369	0.000	0.000	0.000	1.000
64370	0.000	0.000	0.000	1.000
64371	0.000	0.000	0.000	1.000
64458	0.000	0.000	0.000	1.000
64460	0.000	0.000	0.000	1.000
64461	0.000	0.000	0.000	1.000
64462	0.000	0.000	0.000	1.000
64463	0.000	0.000	0.000	1.000
64464	0.000	0.000	0.000	1.000
64465	0.000	0.000	0.000	1.000
64466	0.000	0.000	0.000	1.000
64467	0.000	0.000	0.000	1.000
64468	0.000	0.000	0.000	1.000
64469	0.000	0.000	0.000	1.000
64470	0.000	0.000	0.000	1.000
64471	0.000	0.000	0.000	1.000
64472	0.000	0.000	0.000	1.000
64473	0.000	0.000	0.000	1.000
64474	0.000	0.000	0.000	1.000
64475	0.000	0.000	0.000	1.000
64476	0.000	0.000	0.000	1.000
64477	0.000	0.000	0.000	1.000
64478	0.000	0.000	0.000	1.000
64479	0.000	0.000	0.000	1.000
64480	0.000	0.000	0.000	1.000
64481	0.000	0.000	0.000	1.000
64482	0.000	0.000	0.000	1.000
64483	0.000	0.000	0.000	1.000
68132	0.000	0.000	0.000	1.000
68134	0.000	0.000	0.000	1.000
68136	0.000	0.000	0.000	1.000
68137	0.000	0.000	0.000	1.000
68138	0.000	0.000	0.000	1.000
68139	0.000	0.000	0.000	1.000
68140	0.000	0.000	0.000	1.000
68141	0.000	0.000	0.000	1.000
68142	0.000	0.000	0.000	1.000
68143	0.000	0.000	0.000	1.000
68144	0.000	0.000	0.000	1.000
68146	0.000	0.000	0.000	1.000
68147	0.000	0.000	0.000	1.000
68148	0.000	0.000	0.000	1.000
68149	0.000	0.000	0.000	1.000
68150	0.000	0.000	0.000	1.000
68151	0.000	0.000	0.000	1.000
68160	0.000	0.000	0.000	1.000
68170	0.000	0.000	0.000	1.000
68171	0.000	0.000	0.000	1.000
68172	0.000	0.000	0.000	1.000
68173	0.000	0.000	0.000	1.000
68174	0.000	0.000	0.000	1.000
68175	0.000	0.000	0.000	1.000
68176	0.000	0.000	0.000	1.000
68177	0.000	0.000	0.000	1.000
68178	0.000	0.000	0.000	1.000
68179	0.000	0.000	0.000	1.000
68180	0.000	0.000	0.000	1.000
68181	0.000	0.000	0.000	1.000
68182	0.000	0.000	0.000	1.000
68183	0.000	0.000	0.000	1.000
68184	0.000	0.000	0.000	1.000
68185	0.000	0.000	0.000	1.000
68186	0.000	0.000	0.000	1.000
68187	0.000	0.000	0.000	1.000
68188	0.000	0.000	0.000	1.000
68189	0.000	0.000	0.000	1.000
68190	0.000	0.000	0.000	1.000
68191	0.000	0.000	0.000	1.000
68192	0.000	0.000	0.000	1.000
68193	0.000	0.000	0.000	1.000
68194	0.000	0.000	0.000	1.000
68195	0.000	0.000	0.000	1.000
68490	0.000	0.000	0.000	1.000
68491	0.000	0.000	0.000	1.000
68492	0.000	0.000	0.000	1.000
68493	0.000	0.000	0.000	1.000
68494	0.000	0.000	0.000	1.000
68495	0.000	0.000	0.000	1.000
68496	0.000	0.000	0.000	1.000
68497	0.000	0.000	0.000	1.000
68498	0.000	0.000	0.000	1.000
68499	0.000	0.000	0.000	1.000
68500	0.000	0.000	0.000	1.000
68501	0.000	0.000	0.000	1.000
68502	0.000	0.000	0.000	1.000
68503	0.000	0.000	0.000	1.000
68504	0.000	0.000	0.000	1.000
68505	0.000	0.000	0.000	1.000
68506	0.000	0.000	0.000	1.000
68507	0.000	0.000	0.000	1.000
68508	0.000	0.000	0.000	1.000
68509	0.000	0.000	0.000	1.000
68510	0.000	0.000	0.000	1.000
68520	0.000	0.000	0.000	1.000
68521	0.000	0.000	0.000	1.000
68522	0.000	0.000	0.000	1.000
68523	0.000	0.000	0.000	1.000
73529	0.000	0.000	0.000	1.000
73530	0.000	0.000	0.000	1.000
73531	0.000	0.000	0.000	1.000
73532	0.000	0.000	0.000	1.000
73533	0.000	0.000	0.000	1.000
73534	0.000	0.000	0.000	1.000
73535	0.000	0.000	0.000	1.000
73536	0.000	0.000	0.000	1.000
73537	0.000	0.000	0.000	1.000
73538	0.000	0.000	0.000	1.000
73539	0.000	0.000	0.000	1.000
73540	0.000	0.000	0.000	1.000
73541	0.000	0.000	0.000	1.000
73542	0.000	0.000	0.000	1.000
73543	0.000	0.000	0.000	1.000
73544	0.000	0.000	0.000	1.000
73545	0.000	0.000	0.000	1.000
73546	0.000	0.000	0.000	1.000
73552	0.000	0.000	0.000	1.000
73553	0.000	0.000	0.000	1.000
73554	0.000	0.000	0.000	1.000
73582	0.000	0.000	0.000	1.000
73583	0.000	0.000	0.000	1.000
73584	0.000	0.000	0.000	1.000
73585	0.000	0.000	0.000	1.000
73586	0.000	0.000	0.000	1.000
73587	0.000	0.000	0.000	1.000
73588	0.000	0.000	0.000	1.000
73589	0.000	0.000	0.000	1.000
73590	0.000	0.000	0.000	1.000
73591	0.000	0.000	0.000	1.000
73592	0.000	0.000	0.000	1.000
73593	0.000	0.000	0.000	1.000
73594	0.000	0.000	0.000	1.000
73595	0.000	0.000	0.000	1.000
73596	0.000	0.000	0.000	1.000
73870	0.000	0.000	0.000	1.000
73872	0.000	0.000	0.000	1.000
73873	0.000	0.000	0.000	1.000
73874	0.000	0.000	0.000	1.000
73875	0.000	0.000	0.000	1.000
73876	0.000	0.000	0.000	1.000
73877	0.000	0.000	0.000	1.000
73878	0.000	0.000	0.000	1.000
73879	0.000	0.000	0.000	1.000
73880	0.000	0.000	0.000	1.000
73881	0.000	0.000	0.000	1.000
73882	0.000	0.000	0.000	1.000
73883	0.000	0.000	0.000	1.000
73884	0.000	0.000	0.000	1.000
73885	0.000	0.000	0.000	1.000
73886	0.000	0.000	0.000	1.000
73887	0.000	0.000	0.000	1.000
73888	0.000	0.000	0.000	1.000
73889	0.000	0.000	0.000	1.000
73890	0.000	0.000	0.000	1.000
73891	0.000	0.000	0.000	1.000
73892	0.000	0.000	0.000	1.000
73893	0.000	0.000	0.000	1.000
73894	0.000	0.000	0.000	1.000
73895	0.000	0.000	0.000	1.000
73896	0.000	0.000	0.000	1.000
73897	0.000	0.000	0.000	1.000
73898	0.000	0.000	0.000	1.000
73899	0.000	0.000	0.000	1.000
73900	0.000	0.000	0.000	1.000
73901	0.000	0.000	0.000	1.000
73902	0.000	0.000	0.000	1.000
73903	0.000	0.000	0.000	1.000
73904	0.000	0.000	0.000	1.000
73905	0.000	0.000	0.000	1.000
73906	0.000	0.000	0.000	1.000
73907	0.000	0.000	0.000	1.000
73908	0.000	0.000	0.000	1.000
73909	0.000	0.000	0.000	1.000
73910	0.000	0.000	0.000	1.000
73911	0.000	0.000	0.000	1.000
73912	0.000	0.000	0.000	1.000
73913	0.000	0.000	0.000	1.000
73914	0.000	0.000	0.000	1.000
73915	0.000	0.000	0.000	1.000
73916	0.000	0.000	0.000	1.000
73917	0.000	0.000	0.000	1.000
73918	0.000	0.000	0.000	1.000
73919	0.000	0.000	0.000	1.000
73920	0.000	0.000	0.000	1.000
73921	0.000	0.000	0.000	1.000
73922	0.000	0.000	0.000	1.000
73923	0.000	0.000	0.000	1.000
73924	0.000	0.000	0.000	1.000
73925	0.000	0.000	0.000	1.000
73926	0.000	0.000	0.000	1.000
73927	0.000	0.000	0.000	1.000
73928	0.000	0.000	0.000	1.000
73929	0.000	0.000	0.000	1.000
73930	0.000	0.000	0.000	1.000
73931	0.000	0.000	0.000	1.000
73932	0.000	0.000	0.000	1.000
73933	0.000	0.000	0.000	1.000
84937	0.000	0.000	0.000	1.000
84938	0.000	0.000	0.000	1.000
84939	0.000	0.000	0.000	1.000
84940	0.000	0.000	0.000	1.000
84941	0.000	0.000	0.000	1.000
84942	0.000	0.000	0.000	1.000
84943	0.000	0.000	0.000	1.000
84944	0.000	0.000	0.000	1.000
84945	0.000	0.000	0.000	1.000
84946	0.000	0.000	0.000	1.000
84947	0.000	0.000	0.000	1.000
84948	0.000	0.000	0.000	1.000
84949	0.000	0.000	0.000	1.000
84950	0.000	0.000	0.000	1.000
84951	0.000	0.000	0.000	1.000
84952	0.000	0.000	0.000	1.000
84953	0.000	0.000	0.000	1.000
84954	0.000	0.000	0.000	1.000
84955	0.000	0.000	0.000	1.000
84956	0.000	0.000	0.000	1.000
84957	0.000	0.000	0.000	1.000
84958	0.000	0.000	0.000	1.000
84959	0.000	0.000	0.000	1.000
84963	0.000	0.000	0.000	1.000
84964	0.000	0.000	0.000	1.000
84965	0.000	0.000	0.000	1.000
84966	0.000	0.000	0.000	1.000
84967	0.000	0.000	0.000	1.000
84968	0.000	0.000	0.000	1.000
84969	0.000	0.000	0.000	1.000
84970	0.000	0.000	0.000	1.000
84971	0.000	0.000	0.000	1.000
84972	0.000	0.000	0.000	1.000
84973	0.000	0.000	0.000	1.000
84974	0.000	0.000	0.000	1.000
84975	0.000	0.000	0.000	1.000
84976	0.000	0.000	0.000	1.000
84977	0.000	0.000	0.000	1.000
84978	0.000	0.000	0.000	1.000
84979	0.000	0.000	0.000	1.000
84980	0.000	0.000	0.000	1.000
84981	0.000	0.000	0.000	1.000
84982	0.000	0.000	0.000	1.000
84983	0.000	0.000	0.000	1.000
84984	0.000	0.000	0.000	1.000
84990	0.000	0.000	0.000	1.000
84991	0.000	0.000	0.000	1.000
85012	0.000	0.000	0.000	1.000
85015	0.000	0.000	0.000	1.000
85022	0.000	0.000	0.000	1.000
85027	0.000	0.000	0.000	1.000
85028	0.000	0.000	0.000	1.000
85029	0.000	0.000	0.000	1.000
85030	0.000	0.000	0.000	1.000
85031	0.000	0.000	0.000	1.000
85032	0.000	0.000	0.000	1.000
85033	0.000	0.000	0.000	1.000
85034	0.000	0.000	0.000	1.000
85035	0.000	0.000	0.000	1.000
85036	0.000	0.000	0.000	1.000
85037	0.000	0.000	0.000	1.000
85038	0.000	0.000	0.000	1.000
85039	0.000	0.000	0.000	1.000
85040	0.000	0.000	0.000	1.000
85041	0.000	0.000	0.000	1.000
85042	0.000	0.000	0.000	1.000
85043	0.000	0.000	0.000	1.000
85044	0.000	0.000	0.000	1.000
85045	0.000	0.000	0.000	1.000
85046	0.000	0.000	0.000	1.000
85047	0.000	0.000	0.000	1.000
85050	0.000	0.000	0.000	1.000
85051	0.000	0.000	0.000	1.000
85052	0.000	0.000	0.000	1.000
85053	0.000	0.000	0.000	1.000
85054	0.000	0.000	0.000	1.000
85055	0.000	0.000	0.000	1.000
85056	0.000	0.000	0.000	1.000
85057	0.000	0.000	0.000	1.000
85058	0.000	0.000	0.000	1.000
85059	0.000	0.000	0.000	1.000
85060	0.000	0.000	0.000	1.000
85061	0.000	0.000	0.000	1.000
85062	0.000	0.000	0.000	1.000
85063	0.000	0.000	0.000	1.000
85064	0.000	0.000	0.000	1.000
85065	0.000	0.000	0.000	1.000
85066	0.000	0.000	0.000	1.000
85083	0.000	0.000	0.000	1.000
85085	0.000	0.000	0.000	1.000
85086	0.000	0.000	0.000	1.000
85087	0.000	0.000	0.000	1.000
85088	0.000	0.000	0.000	1.000
85089	0.000	0.000	0.000	1.000
85090	0.000	0.000	0.000	1.000
85091	0.000	0.000	0.000	1.000
85092	0.000	0.000	0.000	1.000
85093	0.000	0.000	0.000	1.000
85094	0.000	0.000	0.000	1.000
85116	0.000	0.000	0.000	1.000
85117	0.000	0.000	0.000	1.000
85118	0.000	0.000	0.000	1.000
85119	0.000	0.000	0.000	1.000
85120	0.000	0.000	0.000	1.000
85121	0.000	0.000	0.000	1.000
85122	0.000	0.000	0.000	1.000
85123	0.000	0.000	0.000	1.000
85124	0.000	0.000	0.000	1.000
85953	0.000	0.000	0.000	1.000
85954	0.000	0.000	0.000	1.000
85955	0.000	0.000	0.000	1.000
85956	0.000	0.000	0.000	1.000
85957	0.000	0.000	0.000	1.000
85958	0.000	0.000	0.000	1.000
85959	0.000	0.000	0.000	1.000
85960	0.000	0.000	0.000	1.000
85961	0.000	0.000	0.000	1.000
85962	0.000	0.000	0.000	1.000
85963	0.000	0.000	0.000	1.000
85964	0.000	0.000	0.000	1.000
85965	0.000	0.000	0.000	1.000
85966	0.000	0.000	0.000	1.000
85967	0.000	0.000	0.000	1.000
85973	0.000	0.000	0.000	1.000
85974	0.000	0.000	0.000	1.000
85975	0.000	0.000	0.000	1.000
85976	0.000	0.000	0.000	1.000
85977	0.000	0.000	0.000	1.000
85978	0.000	0.000	0.000	1.000
85979	0.000	0.000	0.000	1.000
85980	0.000	0.000	0.000	1.000
93113	0.000	0.000	0.000	1.000
93114	0.000	0.000	0.000	1.000
93115	0.000	0.000	0.000	1.000
93116	0.000	0.000	0.000	1.000
93117	0.000	0.000	0.000	1.000
93118	0.000	0.000	0.000	1.000
93119	0.000	0.000	0.000	1.000
93120	0.000	0.000	0.000	1.000
93121	0.000	0.000	0.000	1.000
93122	0.000	0.000	0.000	1.000
93123	0.000	0.000	0.000	1.000
93124	0.000	0.000	0.000	1.000
93125	0.000	0.000	0.000	1.000
93126	0.000	0.000	0.000	1.000
93186	0.000	0.000	0.000	1.000
93187	0.000	0.000	0.000	1.000
93188	0.000	0.000	0.000	1.000
93189	0.000	0.000	0.000	1.000
93190	0.000	0.000	0.000	1.000
93191	0.000	0.000	0.000	1.000
93192	0.000	0.000	0.000	1.000
93193	0.000	0.000	0.000	1.000
94193	0.000	0.000	0.000	1.000
94194	0.000	0.000	0.000	1.000
94195	0.000	0.000	0.000	1.000
94196	0.000	0.000	0.000	1.000
94197	0.000	0.000	0.000	1.000
94201	0.000	0.000	0.000	1.000
94202	0.000	0.000	0.000	1.000
94203	0.000	0.000	0.000	1.000
94204	0.000	0.000	0.000	1.000
94205	0.000	0.000	0.000	1.000
94206	0.000	0.000	0.000	1.000
94263	0.000	0.000	0.000	1.000
94264	0.000	0.000	0.000	1.000
94265	0.000	0.000	0.000	1.000
94266	0.000	0.000	0.000	1.000
94267	0.000	0.000	0.000	1.000
94268	0.000	0.000	0.000	1.000
94269	0.000	0.000	0.000	1.000
94270	0.000	0.000	0.000	1.000
94271	0.000	0.000	0.000	1.000
94272	0.000	0.000	0.000	1.000
94273	0.000	0.000	0.000	1.000
96475	0.000	0.000	0.000	1.000
96476	0.000	0.000	0.000	1.000
96477	0.000	0.000	0.000	1.000
96478	0.000	0.000	0.000	1.000
96479	0.000	0.000	0.000	1.000
96480	0.000	0.000	0.000	1.000
96481	0.000	0.000	0.000	1.000
96482	0.000	0.000	0.000	1.000
96483	0.000	0.000	0.000	1.000
96484	0.000	0.000	0.000	1.000
96485	0.000	0.000	0.000	1.000
96486	0.000	0.000	0.000	1.000
96487	0.000	0.000	0.000	1.000
96488	0.000	0.000	0.000	1.000
96489	0.000	0.000	0.000	1.000
96490	0.000	0.000	0.000	1.000
96491	0.000	0.000	0.000	1.000
96492	0.000	0.000	0.000	1.000
96493	0.000	0.000	0.000	1.000
96494	0.000	0.000	0.000	1.000
96495	0.000	0.000	0.000	1.000
96496	0.000	0.000	0.000	1.000
96497	0.000	0.000	0.000	1.000
96498	0.000	0.000	0.000	1.000
96499	0.000	0.000	0.000	1.000
96500	0.000	0.000	0.000	1.000
96501	0.000	0.000	0.000	1.000
96678	0.000	0.000	0.000	1.000
96679	0.000	0.000	0.000	1.000
96680	0.000	0.000	0.000	1.000
96681	0.000	0.000	0.000	1.000
96682	0.000	0.000	0.000	1.000
98513	0.000	0.000	0.000	1.000
98514	0.000	0.000	0.000	1.000
98515	0.000	0.000	0.000	1.000
98516	0.000	0.000	0.000	1.000
98526	0.000	0.000	0.000	1.000
98580	0.000	0.000	0.000	1.000
98581	0.000	0.000	0.000	1.000
98582	0.000	0.000	0.000	1.000
98583	0.000	0.000	0.000	1.000
98584	0.000	0.000	0.000	1.000
98585	0.000	0.000	0.000	1.000
98586	0.000	0.000	0.000	1.000
98587	0.000	0.000	0.000	1.000
98588	0.000	0.000	0.000	1.000
98589	0.000	0.000	0.000	1.000
98590	0.000	0.000	0.000	1.000
98591	0.000	0.000	0.000	1.000
98592	0.000	0.000	0.000	1.000
98593	0.000	0.000	0.000	1.000
100781	0.000	0.000	0.000	1.000
100783	0.000	0.000	0.000	1.000
100784	0.000	0.000	0.000	1.000
100785	0.000	0.000	0.000	1.000
100786	0.000	0.000	0.000	1.000
100787	0.000	0.000	0.000	1.000
100788	0.000	0.000	0.000	1.000
100789	0.000	0.000	0.000	1.000
100790	0.000	0.000	0.000	1.000
100791	0.000	0.000	0.000	1.000
100792	0.000	0.000	0.000	1.000
100793	0.000	0.000	0.000	1.000
100794	0.000	0.000	0.000	1.000
100800	0.000	0.000	0.000	1.000
100802	0.000	0.000	0.000	1.000
100803	0.000	0.000	0.000	1.000
100807	0.000	0.000	0.000	1.000
100808	0.000	0.000	0.000	1.000
100809	0.000	0.000	0.000	1.000
100810	0.000	0.000	0.000	1.000
100811	0.000	0.000	0.000	1.000
100812	0.000	0.000	0.000	1.000
100813	0.000	0.000	0.000	1.000
100814	0.000	0.000	0.000	1.000
100815	0.000	0.000	0.000	1.000
100816	0.000	0.000	0.000	1.000
100817	0.000	0.000	0.000	1.000
100818	0.000	0.000	0.000	1.000
100819	0.000	0.000	0.000	1.000
100820	0.000	0.000	0.000	1.000
100998	0.000	0.000	0.000	1.000
100999	0.000	0.000	0.000	1.000
101000	0.000	0.000	0.000	1.000
101001	0.000	0.000	0.000	1.000
101002	0.000	0.000	0.000	1.000
101003	0.000	0.000	0.000	1.000
101004	0.000	0.000	0.000	1.000
101005	0.000	0.000	0.000	1.000
101006	0.000	0.000	0.000	1.000
101007	0.000	0.000	0.000	1.000
101008	0.000	0.000	0.000	1.000
101009	0.000	0.000	0.000	1.000
101010	0.000	0.000	0.000	1.000
101011	0.000	0.000	0.000	1.000
101013	0.000	0.000	0.000	1.000
101014	0.000	0.000	0.000	1.000
101015	0.000	0.000	0.000	1.000
101016	0.000	0.000	0.000	1.000
101017	0.000	0.000	0.000	1.000
101018	0.000	0.000	0.000	1.000
101019	0.000	0.000	0.000	1.000
101020	0.000	0.000	0.000	1.000
101022	0.000	0.000	0.000	1.000
101023	0.000	0.000	0.000	1.000
104021	0.000	0.000	0.000	1.000
104022	0.000	0.000	0.000	1.000
104023	0.000	0.000	0.000	1.000
104024	0.000	0.000	0.000	1.000
104025	0.000	0.000	0.000	1.000
104026	0.000	0.000	0.000	1.000
104027	0.000	0.000	0.000	1.000
104053	0.000	0.000	0.000	1.000
104054	0.000	0.000	0.000	1.000
104055	0.000	0.000	0.000	1.000
104056	0.000	0.000	0.000	1.000
104057	0.000	0.000	0.000	1.000
104058	0.000	0.000	0.000	1.000
104059	0.000	0.000	0.000	1.000
104060	0.000	0.000	0.000	1.000
104061	0.000	0.000	0.000	1.000
104228	0.000	0.000	0.000	1.000
104229	0.000	0.000	0.000	1.000
104230	0.000	0.000	0.000	1.000
104231	0.000	0.000	0.000	1.000
104232	0.000	0.000	0.000	1.000
104233	0.000	0.000	0.000	1.000
104234	0.000	0.000	0.000	1.000
104235	0.000	0.000	0.000	1.000
104236	0.000	0.000	0.000	1.000
104237	0.000	0.000	0.000	1.000
104238	0.000	0.000	0.000	1.000
104239	0.000	0.000	0.000	1.000
104240	0.000	0.000	0.000	1.000
104241	0.000	0.000	0.000	1.000
104242	0.000	0.000	0.000	1.000
104243	0.000	0.000	0.000	1.000
104244	0.000	0.000	0.000	1.000
104245	0.000	0.000	0.000	1.000
104246	0.000	0.000	0.000	1.000
104247	0.000	0.000	0.000	1.000
104248	0.000	0.000	0.000	1.000
104249	0.000	0.000	0.000	1.000
104250	0.000	0.000	0.000	1.000
104251	0.000	0.000	0.000	1.000
104252	0.000	0.000	0.000	1.000
104253	0.000	0.000	0.000	1.000
104254	0.000	0.000	0.000	1.000
104255	0.000	0.000	0.000	1.000
104256	0.000	0.000	0.000	1.000
104257	0.000	0.000	0.000	1.000
104258	0.000	0.000	0.000	1.000
104259	0.000	0.000	0.000	1.000
104260	0.000	0.000	0.000	1.000
104261	0.000	0.000	0.000	1.000
104262	0.000	0.000	0.000	1.000
104263	0.000	0.000	0.000	1.000
110866	0.000	0.000	0.000	1.000
110867	0.000	0.000	0.000	1.000
110868	0.000	0.000	0.000	1.000
110869	0.000	0.000	0.000	1.000
110870	0.000	0.000	0.000	1.000
110871	0.000	0.000	0.000	1.000
110872	0.000	0.000	0.000	1.000
110873	0.000	0.000	0.000	1.000
110874	0.000	0.000	0.000	1.000
110875	0.000	0.000	0.000	1.000
110876	0.000	0.000	0.000	1.000
110877	0.000	0.000	0.000	1.000
110878	0.000	0.000	0.000	1.000
110879	0.000	0.000	0.000	1.000
110884	0.000	0.000	0.000	1.000
110885	0.000	0.000	0.000	1.000
110886	0.000	0.000	0.000	1.000
110887	0.000	0.000	0.000	1.000
110888	0.000	0.000	0.000	1.000
110889	0.000	0.000	0.000	1.000
110890	0.000	0.000	0.000	1.000
110891	0.000	0.000	0.000	1.000
110892	0.000	0.000	0.000	1.000
110893	0.000	0.000	0.000	1.000
110894	0.000	0.000	0.000	1.000
110895	0.000	0.000	0.000	1.000
110911	0.000	0.000	0.000	1.000
110912	0.000	0.000	0.000	1.000
110913	0.000	0.000	0.000	1.000
110914	0.000	0.000	0.000	1.000
110915	0.000	0.000	0.000	1.000
110916	0.000	0.000	0.000	1.000
110917	0.000	0.000	0.000	1.000
110918	0.000	0.000	0.000	1.000
110919	0.000	0.000	0.000	1.000
110920	0.000	0.000	0.000	1.000
110921	0.000	0.000	0.000	1.000
110922	0.000	0.000	0.000	1.000
110923	0.000	0.000	0.000	1.000
110924	0.000	0.000	0.000	1.000
110925	0.000	0.000	0.000	1.000
110926	0.000	0.000	0.000	1.000
110927	0.000	0.000	0.000	1.000
110928	0.000	0.000	0.000	1.000
110929	0.000	0.000	0.000	1.000
110930	0.000	0.000	0.000	1.000
110931	0.000	0.000	0.000	1.000
110932	0.000	0.000	0.000	1.000
110933	0.000	0.000	0.000	1.000
110934	0.000	0.000	0.000	1.000
110935	0.000	0.000	0.000	1.000
110936	0.000	0.000	0.000	1.000
110937	0.000	0.000	0.000	1.000
110938	0.000	0.000	0.000	1.000
110939	0.000	0.000	0.000	1.000
110940	0.000	0.000	0.000	1.000
110941	0.000	0.000	0.000	1.000
110942	0.000	0.000	0.000	1.000
110943	0.000	0.000	0.000	1.000
110944	0.000	0.000	0.000	1.000
110955	0.000	0.000	0.000	1.000
110956	0.000	0.000	0.000	1.000
110957	0.000	0.000	0.000	1.000
110958	0.000	0.000	0.000	1.000
110959	0.000	0.000	0.000	1.000
110974	0.000	0.000	0.000	1.000
110975	0.000	0.000	0.000	1.000
110976	0.000	0.000	0.000	1.000
110977	0.000	0.000	0.000	1.000
110978	0.000	0.000	0.000	1.000
111474	0.000	0.000	0.000	1.000
111475	0.000	0.000	0.000	1.000
111476	0.000	0.000	0.000	1.000
111477	0.000	0.000	0.000	1.000
111478	0.000	0.000	0.000	1.000
111479	0.000	0.000	0.000	1.000
111480	0.000	0.000	0.000	1.000
111481	0.000	0.000	0.000	1.000
111482	0.000	0.000	0.000	1.000
111483	0.000	0.000	0.000	1.000
111484	0.000	0.000	0.000	1.000
111485	0.000	0.000	0.000	1.000
111488	0.000	0.000	0.000	1.000
111489	0.000	0.000	0.000	1.000
111490	0.000	0.000	0.000	1.000
111491	0.000	0.000	0.000	1.000
111492	0.000	0.000	0.000	1.000
115715	0.000	0.000	0.000	1.000
115716	0.000	0.000	0.000	1.000
115717	0.000	0.000	0.000	1.000
115718	0.000	0.000	0.000	1.000
115719	0.000	0.000	0.000	1.000
115720	0.000	0.000	0.000	1.000
115721	0.000	0.000	0.000	1.000
115722	0.000	0.000	0.000	1.000
115723	0.000	0.000	0.000	1.000
117425	0.000	0.000	0.000	1.000
117426	0.000	0.000	0.000	1.000
117427	0.000	0.000	0.000	1.000
117428	0.000	0.000	0.000	1.000
117429	0.000	0.000	0.000	1.000
117430	0.000	0.000	0.000	1.000
117431	0.000	0.000	0.000	1.000
117432	0.000	0.000	0.000	1.000
117433	0.000	0.000	0.000	1.000
117434	0.000	0.000	0.000	1.000
117435	0.000	0.000	0.000	1.000
117440	0.000	0.000	0.000	1.000
117441	0.000	0.000	0.000	1.000
117442	0.000	0.000	0.000	1.000
117443	0.000	0.000	0.000	1.000
117444	0.000	0.000	0.000	1.000
117445	0.000	0.000	0.000	1.000
117446	0.000	0.000	0.000	1.000
117447	0.000	0.000	0.000	1.000
117448	0.000	0.000	0.000	1.000
117449	0.000	0.000	0.000	1.000
117450	0.000	0.000	0.000	1.000
117451	0.000	0.000	0.000	1.000
117452	0.000	0.000	0.000	1.000
117453	0.000	0.000	0.000	1.000
117454	0.000	0.000	0.000	1.000
117455	0.000	0.000	0.000	1.000
117593	0.000	0.000	0.000	1.000
117594	0.000	0.000	0.000	1.000
117595	0.000	0.000	0.000	1.000
117596	0.000	0.000	0.000	1.000
117597	0.000	0.000	0.000	1.000
117598	0.000	0.000	0.000	1.000
117599	0.000	0.000	0.000	1.000
117600	0.000	0.000	0.000	1.000
117601	0.000	0.000	0.000	1.000
117602	0.000	0.000	0.000	1.000
117603	0.000	0.000	0.000	1.000
117604	0.000	0.000	0.000	1.000
117605	0.000	0.000	0.000	1.000
117606	0.000	0.000	0.000	1.000
117607	0.000	0.000	0.000	1.000
117608	0.000	0.000	0.000	1.000
117609	0.000	0.000	0.000	1.000
117610	0.000	0.000	0.000	1.000
117611	0.000	0.000	0.000	1.000
117612	0.000	0.000	0.000	1.000
117613	0.000	0.000	0.000	1.000
119945	0.000	0.000	0.000	1.000
119946	0.000	0.000	0.000	1.000
119947	0.000	0.000	0.000	1.000
119948	0.000	0.000	0.000	1.000
119949	0.000	0.000	0.000	1.000
119950	0.000	0.000	0.000	1.000
119951	0.000	0.000	0.000	1.000
119952	0.000	0.000	0.000	1.000
119953	0.000	0.000	0.000	1.000
119968	0.000	0.000	0.000	1.000
119969	0.000	0.000	0.000	1.000
119970	0.000	0.000	0.000	1.000
119971	0.000	0.000	0.000	1.000
119972	0.000	0.000	0.000	1.000
119973	0.000	0.000	0.000	1.000
119974	0.000	0.000	0.000	1.000
119975	0.000	0.000	0.000	1.000
119976	0.000	0.000	0.000	1.000
120106	0.000	0.000	0.000	1.000
120107	0.000	0.000	0.000	1.000
120109	0.000	0.000	0.000	1.000
120110	0.000	0.000	0.000	1.000
120111	0.000	0.000	0.000	1.000
120112	0.000	0.000	0.000	1.000
120113	0.000	0.000	0.000	1.000
120114	0.000	0.000	0.000	1.000
120115	0.000	0.000	0.000	1.000
120116	0.000	0.000	0.000	1.000
120117	0.000	0.000	0.000	1.000
120118	0.000	0.000	0.000	1.000
120119	0.000	0.000	0.000	1.000
120120	0.000	0.000	0.000	1.000
120121	0.000	0.000	0.000	1.000
120122	0.000	0.000	0.000	1.000
120123	0.000	0.000	0.000	1.000
120124	0.000	0.000	0.000	1.000
120125	0.000	0.000	0.000	1.000
120126	0.000	0.000	0.000	1.000
120127	0.000	0.000	0.000	1.000
120128	0.000	0.000	0.000	1.000
120129	0.000	0.000	0.000	1.000
120130	0.000	0.000	0.000	1.000
120131	0.000	0.000	0.000	1.000
120132	0.000	0.000	0.000	1.000
120133	0.000	0.000	0.000	1.000
125269	0.000	0.000	0.000	1.000
125270	0.000	0.000	0.000	1.000
125271	0.000	0.000	0.000	1.000
125272	0.000	0.000	0.000	1.000
125273	0.000	0.000	0.000	1.000
125274	0.000	0.000	0.000	1.000
125275	0.000	0.000	0.000	1.000
125276	0.000	0.000	0.000	1.000
125277	0.000	0.000	0.000	1.000
125278	0.000	0.000	0.000	1.000
125279	0.000	0.000	0.000	1.000
125283	0.000	0.000	0.000	1.000
125284	0.000	0.000	0.000	1.000
125285	0.000	0.000	0.000	1.000
125286	0.000	0.000	0.000	1.000
125287	0.000	0.000	0.000	1.000
125288	0.000	0.000	0.000	1.000
125289	0.000	0.000	0.000	1.000
125290	0.000	0.000	0.000	1.000
125291	0.000	0.000	0.000	1.000
125292	0.000	0.000	0.000	1.000
125293	0.000	0.000	0.000	1.000
125294	0.000	0.000	0.000	1.000
125295	0.000	0.000	0.000	1.000
125296	0.000	0.000	0.000	1.000
125297	0.000	0.000	0.000	1.000
125298	0.000	0.000	0.000	1.000
125299	0.000	0.000	0.000	1.000
125300	0.000	0.000	0.000	1.000
125302	0.000	0.000	0.000	1.000
125303	0.000	0.000	0.000	1.000
125304	0.000	0.000	0.000	1.000
125305	0.000	0.000	0.000	1.000
125306	0.000	0.000	0.000	1.000
125307	0.000	0.000	0.000	1.000
125308	0.000	0.000	0.000	1.000
125309	0.000	0.000	0.000	1.000
125310	0.000	0.000	0.000	1.000
125311	0.000	0.000	0.000	1.000
125312	0.000	0.000	0.000	1.000
125313	0.000	0.000	0.000	1.000
125314	0.000	0.000	0.000	1.000
125315	0.000	0.000	0.000	1.000
125316	0.000	0.000	0.000	1.000
125317	0.000	0.000	0.000	1.000
125318	0.000	0.000	0.000	1.000
125319	0.000	0.000	0.000	1.000
125320	0.000	0.000	0.000	1.000
125321	0.000	0.000	0.000	1.000
125322	0.000	0.000	0.000	1.000
125323	0.000	0.000	0.000	1.000
125324	0.000	0.000	0.000	1.000
125325	0.000	0.000	0.000	1.000
125326	0.000	0.000	0.000	1.000
125327	0.000	0.000	0.000	1.000
125328	0.000	0.000	0.000	1.000
125329	0.000	0.000	0.000	1.000
125330	0.000	0.000	0.000	1.000
125331	0.000	0.000	0.000	1.000
125742	0.000	0.000	0.000	1.000
125743	0.000	0.000	0.000	1.000
125744	0.000	0.000	0.000	1.000
125745	0.000	0.000	0.000	1.000
125746	0.000	0.000	0.000	1.000
125747	0.000	0.000	0.000	1.000
125748	0.000	0.000	0.000	1.000
125749	0.000	0.000	0.000	1.000
125750	0.000	0.000	0.000	1.000
125751	0.000	0.000	0.000	1.000
125752	0.000	0.000	0.000	1.000
125753	0.000	0.000	0.000	1.000
125754	0.000	0.000	0.000	1.000
125755	0.000	0.000	0.000	1.000
129893	0.000	0.000	0.000	1.000
129894	0.000	0.000	0.000	1.000
129895	0.000	0.000	0.000	1.000
129896	0.000	0.000	0.000	1.000
129897	0.000	0.000	0.000	1.000
129898	0.000	0.000	0.000	1.000
129920	0.000	0.000	0.000	1.000
129921	0.000	0.000	0.000	1.000
130035	0.000	0.000	0.000	1.000
130036	0.000	0.000	0.000	1.000
130037	0.000	0.000	0.000	1.000
130038	0.000	0.000	0.000	1.000
130039	0.000	0.000	0.000	1.000
130040	0.000	0.000	0.000	1.000
130041	0.000	0.000	0.000	1.000
130042	0.000	0.000	0.000	1.000
130043	0.000	0.000	0.000	1.000
130044	0.000	0.000	0.000	1.000
130045	0.000	0.000	0.000	1.000
130046	0.000	0.000	0.000	1.000
130047	0.000	0.000	0.000	1.000
130048	0.000	0.000	0.000	1.000
130049	0.000	0.000	0.000	1.000
130050	0.000	0.000	0.000	1.000
130051	0.000	0.000	0.000	1.000
130052	0.000	0.000	0.000	1.000
130053	0.000	0.000	0.000	1.000
130054	0.000	0.000	0.000	1.000
130055	0.000	0.000	0.000	1.000
130056	0.000	0.000	0.000	1.000
130057	0.000	0.000	0.000	1.000
130058	0.000	0.000	0.000	1.000
130059	0.000	0.000	0.000	1.000
130060	0.000	0.000	0.000	1.000
130061	0.000	0.000	0.000	1.000
130062	0.000	0.000	0.000	1.000
130063	0.000	0.000	0.000	1.000
134692	0.000	0.000	0.000	1.000
134693	0.000	0.000	0.000	1.000
134694	0.000	0.000	0.000	1.000
134695	0.000	0.000	0.000	1.000
134696	0.000	0.000	0.000	1.000
134697	0.000	0.000	0.000	1.000
134698	0.000	0.000	0.000	1.000
134704	0.000	0.000	0.000	1.000
134708	0.000	0.000	0.000	1.000
134709	0.000	0.000	0.000	1.000
134736	0.000	0.000	0.000	1.000
134737	0.000	0.000	0.000	1.000
134738	0.000	0.000	0.000	1.000
134739	0.000	0.000	0.000	1.000
134740	0.000	0.000	0.000	1.000
134741	0.000	0.000	0.000	1.000
134742	0.000	0.000	0.000	1.000
134743	0.000	0.000	0.000	1.000
134744	0.000	0.000	0.000	1.000
134745	0.000	0.000	0.000	1.000
134746	0.000	0.000	0.000	1.000
134747	0.000	0.000	0.000	1.000
134748	0.000	0.000	0.000	1.000
134749	0.000	0.000	0.000	1.000
134750	0.000	0.000	0.000	1.000
134751	0.000	0.000	0.000	1.000
134752	0.000	0.000	0.000	1.000
134753	0.000	0.000	0.000	1.000
134754	0.000	0.000	0.000	1.000
134755	0.000	0.000	0.000	1.000
134756	0.000	0.000	0.000	1.000
134757	0.000	0.000	0.000	1.000
134758	0.000	0.000	0.000	1.000
134759	0.000	0.000	0.000	1.000
134760	0.000	0.000	0.000	1.000
134761	0.000	0.000	0.000	1.000
134762	0.000	0.000	0.000	1.000
134763	0.000	0.000	0.000	1.000
134764	0.000	0.000	0.000	1.000
134765	0.000	0.000	0.000	1.000
135138	0.000	0.000	0.000	1.000
135139	0.000	0.000	0.000	1.000
135140	0.000	0.000	0.000	1.000
135141	0.000	0.000	0.000	1.000
135142	0.000	0.000	0.000	1.000
135143	0.000	0.000	0.000	1.000
135144	0.000	0.000	0.000	1.000
135145	0.000	0.000	0.000	1.000
135146	0.000	0.000	0.000	1.000
135147	0.000	0.000	0.000	1.000
135148	0.000	0.000	0.000	1.000
135149	0.000	0.000	0.000	1.000
135150	0.000	0.000	0.000	1.000
135151	0.000	0.000	0.000	1.000
135152	0.000	0.000	0.000	1.000
135153	0.000	0.000	0.000	1.000
135154	0.000	0.000	0.000	1.000
135155	0.000	0.000	0.000	1.000
135156	0.000	0.000	0.000	1.000
135157	0.000	0.000	0.000	1.000
135158	0.000	0.000	0.000	1.000
135159	0.000	0.000	0.000	1.000
135160	0.000	0.000	0.000	1.000
135161	0.000	0.000	0.000	1.000
135162	0.000	0.000	0.000	1.000
135177	0.000	0.000	0.000	1.000
135178	0.000	0.000	0.000	1.000
135179	0.000	0.000	0.000	1.000
135180	0.000	0.000	0.000	1.000
141389	0.000	0.000	0.000	1.000
141390	0.000	0.000	0.000	1.000
141391	0.000	0.000	0.000	1.000
141392	0.000	0.000	0.000	1.000
141393	0.000	0.000	0.000	1.000
141394	0.000	0.000	0.000	1.000
141395	0.000	0.000	0.000	1.000
141396	0.000	0.000	0.000	1.000
141397	0.000	0.000	0.000	1.000
141398	0.000	0.000	0.000	1.000
141399	0.000	0.000	0.000	1.000
141400	0.000	0.000	0.000	1.000
141401	0.000	0.000	0.000	1.000
141402	0.000	0.000	0.000	1.000
141403	0.000	0.000	0.000	1.000
141404	0.000	0.000	0.000	1.000
141405	0.000	0.000	0.000	1.000
141406	0.000	0.000	0.000	1.000
141407	0.000	0.000	0.000	1.000
141408	0.000	0.000	0.000	1.000
141409	0.000	0.000	0.000	1.000
141410	0.000	0.000	0.000	1.000
141411	0.000	0.000	0.000	1.000
141414	0.000	0.000	0.000	1.000
141418	0.000	0.000	0.000	1.000
141419	0.000	0.000	0.000	1.000
141420	0.000	0.000	0.000	1.000
141423	0.000	0.000	0.000	1.000
141424	0.000	0.000	0.000	1.000
141457	0.000	0.000	0.000	1.000
141458	0.000	0.000	0.000	1.000
141463	0.000	0.000	0.000	1.000
141464	0.000	0.000	0.000	1.000
141465	0.000	0.000	0.000	1.000
141466	0.000	0.000	0.000	1.000
141467	0.000	0.000	0.000	1.000
141468	0.000	0.000	0.000	1.000
141469	0.000	0.000	0.000	1.000
141470	0.000	0.000	0.000	1.000
141471	0.000	0.000	0.000	1.000
141809	0.000	0.000	0.000	1.000
141810	0.000	0.000	0.000	1.000
141811	0.000	0.000	0.000	1.000
141812	0.000	0.000	0.000	1.000
141814	0.000	0.000	0.000	1.000
141815	0.000	0.000	0.000	1.000
141816	0.000	0.000	0.000	1.000
141817	0.000	0.000	0.000	1.000
141818	0.000	0.000	0.000	1.000
141819	0.000	0.000	0.000	1.000
141820	0.000	0.000	0.000	1.000
141821	0.000	0.000	0.000	1.000
141822	0.000	0.000	0.000	1.000
141823	0.000	0.000	0.000	1.000
141824	0.000	0.000	0.000	1.000
141825	0.000	0.000	0.000	1.000
141826	0.000	0.000	0.000	1.000
141827	0.000	0.000	0.000	1.000
141828	0.000	0.000	0.000	1.000
141829	0.000	0.000	0.000	1.000
141830	0.000	0.000	0.000	1.000
141831	0.000	0.000	0.000	1.000
141832	0.000	0.000	0.000	1.000
141833	0.000	0.000	0.000	1.000
141834	0.000	0.000	0.000	1.000
141835	0.000	0.000	0.000	1.000
141836	0.000	0.000	0.000	1.000
141837	0.000	0.000	0.000	1.000
141838	0.000	0.000	0.000	1.000
141839	0.000	0.000	0.000	1.000
141840	0.000	0.000	0.000	1.000
141841	0.000	0.000	0.000	1.000
141842	0.000	0.000	0.000	1.000
141843	0.000	0.000	0.000	1.000
141844	0.000	0.000	0.000	1.000
141845	0.000	0.000	0.000	1.000
141846	0.000	0.000	0.000	1.000
141847	0.000	0.000	0.000	1.000
141848	0.000	0.000	0.000	1.000
141849	0.000	0.000	0.000	1.000
141850	0.000	0.000	0.000	1.000
141851	0.000	0.000	0.000	1.000
141852	0.000	0.000	0.000	1.000
141853	0.000	0.000	0.000	1.000
141854	0.000	0.000	0.000	1.000
141855	0.000	0.000	0.000	1.000
141856	0.000	0.000	0.000	1.000
141857	0.000	0.000	0.000	1.000
141858	0.000	0.000	0.000	1.000
141859	0.000	0.000	0.000	1.000
141860	0.000	0.000	0.000	1.000
141861	0.000	0.000	0.000	1.000
141862	0.000	0.000	0.000	1.000
141863	0.000	0.000	0.000	1.000
141864	0.000	0.000	0.000	1.000
141865	0.000	0.000	0.000	1.000
141866	0.000	0.000	0.000	1.000
141867	0.000	0.000	0.000	1.000
141868	0.000	0.000	0.000	1.000
141869	0.000	0.000	0.000	1.000
141870	0.000	0.000	0.000	1.000
141871	0.000	0.000	0.000	1.000
141872	0.000	0.000	0.000	1.000
141873	0.000	0.000	0.000	1.000
141874	0.000	0.000	0.000	1.000
141875	0.000	0.000	0.000	1.000
141876	0.000	0.000	0.000	1.000
141877	0.000	0.000	0.000	1.000
141878	0.000	0.000	0.000	1.000
141879	0.000	0.000	0.000	1.000
141880	0.000	0.000	0.000	1.000
141881	0.000	0.000	0.000	1.000
141882	0.000	0.000	0.000	1.000
141883	0.000	0.000	0.000	1.000
155174	0.000	0.000	0.000	1.000
155175	0.000	0.000	0.000	1.000
155176	0.000	0.000	0.000	1.000
155177	0.000	0.000	0.000	1.000
155178	0.000	0.000	0.000	1.000
155179	0.000	0.000	0.000	1.000
155180	0.000	0.000	0.000	1.000
155181	0.000	0.000	0.000	1.000
155182	0.000	0.000	0.000	1.000
155183	0.000	0.000	0.000	1.000
155184	0.000	0.000	0.000	1.000
155185	0.000	0.000	0.000	1.000
155186	0.000	0.000	0.000	1.000
155187	0.000	0.000	0.000	1.000
155188	0.000	0.000	0.000	1.000
155189	0.000	0.000	0.000	1.000
155190	0.000	0.000	0.000	1.000
155191	0.000	0.000	0.000	1.000
155192	0.000	0.000	0.000	1.000
155193	0.000	0.000	0.000	1.000
155194	0.000	0.000	0.000	1.000
155195	0.000	0.000	0.000	1.000
155196	0.000	0.000	0.000	1.000
155197	0.000	0.000	0.000	1.000
155198	0.000	0.000	0.000	1.000
155199	0.000	0.000	0.000	1.000
155200	0.000	0.000	0.000	1.000
155203	0.000	0.000	0.000	1.000
155205	0.000	0.000	0.000	1.000
155206	0.000	0.000	0.000	1.000
155207	0.000	0.000	0.000	1.000
155208	0.000	0.000	0.000	1.000
155209	0.000	0.000	0.000	1.000
155211	0.000	0.000	0.000	1.000
155212	0.000	0.000	0.000	1.000
155213	0.000	0.000	0.000	1.000
155214	0.000	0.000	0.000	1.000
155215	0.000	0.000	0.000	1.000
155216	0.000	0.000	0.000	1.000
155217	0.000	0.000	0.000	1.000
155218	0.000	0.000	0.000	1.000
155219	0.000	0.000	0.000	1.000
155220	0.000	0.000	0.000	1.000
155221	0.000	0.000	0.000	1.000
155222	0.000	0.000	0.000	1.000
155223	0.000	0.000	0.000	1.000
155224	0.000	0.000	0.000	1.000
155225	0.000	0.000	0.000	1.000
155226	0.000	0.000	0.000	1.000
155237	0.000	0.000	0.000	1.000
155282	0.000	0.000	0.000	1.000
155283	0.000	0.000	0.000	1.000
155284	0.000	0.000	0.000	1.000
155285	0.000	0.000	0.000	1.000
155286	0.000	0.000	0.000	1.000
155287	0.000	0.000	0.000	1.000
155288	0.000	0.000	0.000	1.000
155289	0.000	0.000	0.000	1.000
155290	0.000	0.000	0.000	1.000
155291	0.000	0.000	0.000	1.000
155292	0.000	0.000	0.000	1.000
155293	0.000	0.000	0.000	1.000
155294	0.000	0.000	0.000	1.000
155295	0.000	0.000	0.000	1.000
155296	0.000	0.000	0.000	1.000
155297	0.000	0.000	0.000	1.000
155298	0.000	0.000	0.000	1.000
155299	0.000	0.000	0.000	1.000
155300	0.000	0.000	0.000	1.000
155301	0.000	0.000	0.000	1.000
155302	0.000	0.000	0.000	1.000
155303	0.000	0.000	0.000	1.000
155304	0.000	0.000	0.000	1.000
155305	0.000	0.000	0.000	1.000
155312	0.000	0.000	0.000	1.000
155313	0.000	0.000	0.000	1.000
155318	0.000	0.000	0.000	1.000
155319	0.000	0.000	0.000	1.000
155320	0.000	0.000	0.000	1.000
155321	0.000	0.000	0.000	1.000
155322	0.000	0.000	0.000	1.000
155323	0.000	0.000	0.000	1.000
155324	0.000	0.000	0.000	1.000
155325	0.000	0.000	0.000	1.000
155326	0.000	0.000	0.000	1.000
155327	0.000	0.000	0.000	1.000
155328	0.000	0.000	0.000	1.000
155330	0.000	0.000	0.000	1.000
155331	0.000	0.000	0.000	1.000
155352	0.000	0.000	0.000	1.000
155355	0.000	0.000	0.000	1.000
155356	0.000	0.000	0.000	1.000
155357	0.000	0.000	0.000	1.000
155358	0.000	0.000	0.000	1.000
155359	0.000	0.000	0.000	1.000
155360	0.000	0.000	0.000	1.000
155361	0.000	0.000	0.000	1.000
155362	0.000	0.000	0.000	1.000
155387	0.000	0.000	0.000	1.000
155388	0.000	0.000	0.000	1.000
155389	0.000	0.000	0.000	1.000
155390	0.000	0.000	0.000	1.000
155391	0.000	0.000	0.000	1.000
155392	0.000	0.000	0.000	1.000
155393	0.000	0.000	0.000	1.000
155394	0.000	0.000	0.000	1.000
155395	0.000	0.000	0.000	1.000
155396	0.000	0.000	0.000	1.000
155397	0.000	0.000	0.000	1.000
155398	0.000	0.000	0.000	1.000
155400	0.000	0.000	0.000	1.000
155401	0.000	0.000	0.000	1.000
155402	0.000	0.000	0.000	1.000
155403	0.000	0.000	0.000	1.000
155404	0.000	0.000	0.000	1.000
155407	0.000	0.000	0.000	1.000
155408	0.000	0.000	0.000	1.000
155409	0.000	0.000	0.000	1.000
155410	0.000	0.000	0.000	1.000
155413	0.000	0.000	0.000	1.000
155414	0.000	0.000	0.000	1.000
155415	0.000	0.000	0.000	1.000
155416	0.000	0.000	0.000	1.000
155497	0.000	0.000	0.000	1.000
155498	0.000	0.000	0.000	1.000
155499	0.000	0.000	0.000	1.000
155500	0.000	0.000	0.000	1.000
155503	0.000	0.000	0.000	1.000
156391	0.000	0.000	0.000	1.000
156392	0.000	0.000	0.000	1.000
156393	0.000	0.000	0.000	1.000
156394	0.000	0.000	0.000	1.000
156395	0.000	0.000	0.000	1.000
156396	0.000	0.000	0.000	1.000
156397	0.000	0.000	0.000	1.000
156398	0.000	0.000	0.000	1.000
156399	0.000	0.000	0.000	1.000
156400	0.000	0.000	0.000	1.000
156401	0.000	0.000	0.000	1.000
156402	0.000	0.000	0.000	1.000
156403	0.000	0.000	0.000	1.000
156404	0.000	0.000	0.000	1.000
156405	0.000	0.000	0.000	1.000
156406	0.000	0.000	0.000	1.000
156407	0.000	0.000	0.000	1.000
156409	0.000	0.000	0.000	1.000
156415	0.000	0.000	0.000	1.000
156416	0.000	0.000	0.000	1.000
156417	0.000	0.000	0.000	1.000
156418	0.000	0.000	0.000	1.000
156419	0.000	0.000	0.000	1.000
156420	0.000	0.000	0.000	1.000
156421	0.000	0.000	0.000	1.000
156422	0.000	0.000	0.000	1.000
156423	0.000	0.000	0.000	1.000
156429	0.000	0.000	0.000	1.000
156430	0.000	0.000	0.000	1.000
156432	0.000	0.000	0.000	1.000
