# label file from inverse_write_label [13-May-2021]
400
270	0.000	0.000	0.000	1.000
750	0.000	0.000	0.000	1.000
751	0.000	0.000	0.000	1.000
1172	0.000	0.000	0.000	1.000
1173	0.000	0.000	0.000	1.000
1639	0.000	0.000	0.000	1.000
1640	0.000	0.000	0.000	1.000
2669	0.000	0.000	0.000	1.000
2670	0.000	0.000	0.000	1.000
2671	0.000	0.000	0.000	1.000
3692	0.000	0.000	0.000	1.000
3693	0.000	0.000	0.000	1.000
3694	0.000	0.000	0.000	1.000
5959	0.000	0.000	0.000	1.000
5960	0.000	0.000	0.000	1.000
6718	0.000	0.000	0.000	1.000
6719	0.000	0.000	0.000	1.000
6720	0.000	0.000	0.000	1.000
6721	0.000	0.000	0.000	1.000
7665	0.000	0.000	0.000	1.000
7666	0.000	0.000	0.000	1.000
7667	0.000	0.000	0.000	1.000
7668	0.000	0.000	0.000	1.000
7669	0.000	0.000	0.000	1.000
10350	0.000	0.000	0.000	1.000
11372	0.000	0.000	0.000	1.000
11373	0.000	0.000	0.000	1.000
12637	0.000	0.000	0.000	1.000
12639	0.000	0.000	0.000	1.000
13771	0.000	0.000	0.000	1.000
13772	0.000	0.000	0.000	1.000
13773	0.000	0.000	0.000	1.000
13774	0.000	0.000	0.000	1.000
13775	0.000	0.000	0.000	1.000
13776	0.000	0.000	0.000	1.000
15037	0.000	0.000	0.000	1.000
15038	0.000	0.000	0.000	1.000
15039	0.000	0.000	0.000	1.000
15041	0.000	0.000	0.000	1.000
15043	0.000	0.000	0.000	1.000
16832	0.000	0.000	0.000	1.000
16834	0.000	0.000	0.000	1.000
16835	0.000	0.000	0.000	1.000
16836	0.000	0.000	0.000	1.000
16837	0.000	0.000	0.000	1.000
16838	0.000	0.000	0.000	1.000
16839	0.000	0.000	0.000	1.000
16840	0.000	0.000	0.000	1.000
16841	0.000	0.000	0.000	1.000
16842	0.000	0.000	0.000	1.000
16843	0.000	0.000	0.000	1.000
16844	0.000	0.000	0.000	1.000
16845	0.000	0.000	0.000	1.000
16846	0.000	0.000	0.000	1.000
20640	0.000	0.000	0.000	1.000
20641	0.000	0.000	0.000	1.000
20642	0.000	0.000	0.000	1.000
23237	0.000	0.000	0.000	1.000
23238	0.000	0.000	0.000	1.000
23239	0.000	0.000	0.000	1.000
23240	0.000	0.000	0.000	1.000
23241	0.000	0.000	0.000	1.000
23999	0.000	0.000	0.000	1.000
25077	0.000	0.000	0.000	1.000
25078	0.000	0.000	0.000	1.000
25079	0.000	0.000	0.000	1.000
25080	0.000	0.000	0.000	1.000
25081	0.000	0.000	0.000	1.000
25082	0.000	0.000	0.000	1.000
27360	0.000	0.000	0.000	1.000
27361	0.000	0.000	0.000	1.000
29264	0.000	0.000	0.000	1.000
29265	0.000	0.000	0.000	1.000
29266	0.000	0.000	0.000	1.000
29267	0.000	0.000	0.000	1.000
29268	0.000	0.000	0.000	1.000
29269	0.000	0.000	0.000	1.000
29270	0.000	0.000	0.000	1.000
31036	0.000	0.000	0.000	1.000
31037	0.000	0.000	0.000	1.000
31038	0.000	0.000	0.000	1.000
31039	0.000	0.000	0.000	1.000
31040	0.000	0.000	0.000	1.000
31041	0.000	0.000	0.000	1.000
31042	0.000	0.000	0.000	1.000
31043	0.000	0.000	0.000	1.000
31044	0.000	0.000	0.000	1.000
33422	0.000	0.000	0.000	1.000
33423	0.000	0.000	0.000	1.000
33425	0.000	0.000	0.000	1.000
33426	0.000	0.000	0.000	1.000
33427	0.000	0.000	0.000	1.000
33428	0.000	0.000	0.000	1.000
33429	0.000	0.000	0.000	1.000
33430	0.000	0.000	0.000	1.000
33431	0.000	0.000	0.000	1.000
33432	0.000	0.000	0.000	1.000
33433	0.000	0.000	0.000	1.000
33434	0.000	0.000	0.000	1.000
33435	0.000	0.000	0.000	1.000
38081	0.000	0.000	0.000	1.000
43357	0.000	0.000	0.000	1.000
43358	0.000	0.000	0.000	1.000
43359	0.000	0.000	0.000	1.000
44491	0.000	0.000	0.000	1.000
44492	0.000	0.000	0.000	1.000
44493	0.000	0.000	0.000	1.000
44494	0.000	0.000	0.000	1.000
44495	0.000	0.000	0.000	1.000
44496	0.000	0.000	0.000	1.000
45757	0.000	0.000	0.000	1.000
45758	0.000	0.000	0.000	1.000
45759	0.000	0.000	0.000	1.000
47552	0.000	0.000	0.000	1.000
47553	0.000	0.000	0.000	1.000
47554	0.000	0.000	0.000	1.000
47555	0.000	0.000	0.000	1.000
47556	0.000	0.000	0.000	1.000
47557	0.000	0.000	0.000	1.000
47558	0.000	0.000	0.000	1.000
47559	0.000	0.000	0.000	1.000
47560	0.000	0.000	0.000	1.000
47561	0.000	0.000	0.000	1.000
47562	0.000	0.000	0.000	1.000
47563	0.000	0.000	0.000	1.000
47564	0.000	0.000	0.000	1.000
47565	0.000	0.000	0.000	1.000
47566	0.000	0.000	0.000	1.000
51360	0.000	0.000	0.000	1.000
51361	0.000	0.000	0.000	1.000
51362	0.000	0.000	0.000	1.000
54089	0.000	0.000	0.000	1.000
54090	0.000	0.000	0.000	1.000
54091	0.000	0.000	0.000	1.000
54092	0.000	0.000	0.000	1.000
54093	0.000	0.000	0.000	1.000
54094	0.000	0.000	0.000	1.000
54095	0.000	0.000	0.000	1.000
54096	0.000	0.000	0.000	1.000
57157	0.000	0.000	0.000	1.000
57158	0.000	0.000	0.000	1.000
57159	0.000	0.000	0.000	1.000
57160	0.000	0.000	0.000	1.000
57161	0.000	0.000	0.000	1.000
57162	0.000	0.000	0.000	1.000
57163	0.000	0.000	0.000	1.000
57164	0.000	0.000	0.000	1.000
64352	0.000	0.000	0.000	1.000
64353	0.000	0.000	0.000	1.000
64354	0.000	0.000	0.000	1.000
64355	0.000	0.000	0.000	1.000
64356	0.000	0.000	0.000	1.000
64357	0.000	0.000	0.000	1.000
64358	0.000	0.000	0.000	1.000
64359	0.000	0.000	0.000	1.000
64360	0.000	0.000	0.000	1.000
64361	0.000	0.000	0.000	1.000
64362	0.000	0.000	0.000	1.000
64363	0.000	0.000	0.000	1.000
64364	0.000	0.000	0.000	1.000
64365	0.000	0.000	0.000	1.000
64366	0.000	0.000	0.000	1.000
64368	0.000	0.000	0.000	1.000
68152	0.000	0.000	0.000	1.000
68153	0.000	0.000	0.000	1.000
68154	0.000	0.000	0.000	1.000
68155	0.000	0.000	0.000	1.000
68156	0.000	0.000	0.000	1.000
68157	0.000	0.000	0.000	1.000
68158	0.000	0.000	0.000	1.000
68159	0.000	0.000	0.000	1.000
68161	0.000	0.000	0.000	1.000
68162	0.000	0.000	0.000	1.000
68163	0.000	0.000	0.000	1.000
68164	0.000	0.000	0.000	1.000
68165	0.000	0.000	0.000	1.000
68166	0.000	0.000	0.000	1.000
68167	0.000	0.000	0.000	1.000
68168	0.000	0.000	0.000	1.000
68169	0.000	0.000	0.000	1.000
73547	0.000	0.000	0.000	1.000
73548	0.000	0.000	0.000	1.000
73549	0.000	0.000	0.000	1.000
73550	0.000	0.000	0.000	1.000
73551	0.000	0.000	0.000	1.000
73555	0.000	0.000	0.000	1.000
73556	0.000	0.000	0.000	1.000
73557	0.000	0.000	0.000	1.000
73558	0.000	0.000	0.000	1.000
73559	0.000	0.000	0.000	1.000
73560	0.000	0.000	0.000	1.000
73561	0.000	0.000	0.000	1.000
73562	0.000	0.000	0.000	1.000
73563	0.000	0.000	0.000	1.000
73564	0.000	0.000	0.000	1.000
73565	0.000	0.000	0.000	1.000
73566	0.000	0.000	0.000	1.000
73567	0.000	0.000	0.000	1.000
73568	0.000	0.000	0.000	1.000
73569	0.000	0.000	0.000	1.000
73570	0.000	0.000	0.000	1.000
73571	0.000	0.000	0.000	1.000
73572	0.000	0.000	0.000	1.000
73573	0.000	0.000	0.000	1.000
73574	0.000	0.000	0.000	1.000
73575	0.000	0.000	0.000	1.000
73576	0.000	0.000	0.000	1.000
73577	0.000	0.000	0.000	1.000
73578	0.000	0.000	0.000	1.000
73579	0.000	0.000	0.000	1.000
73580	0.000	0.000	0.000	1.000
73581	0.000	0.000	0.000	1.000
84960	0.000	0.000	0.000	1.000
84961	0.000	0.000	0.000	1.000
84962	0.000	0.000	0.000	1.000
92357	0.000	0.000	0.000	1.000
92358	0.000	0.000	0.000	1.000
92359	0.000	0.000	0.000	1.000
94198	0.000	0.000	0.000	1.000
94199	0.000	0.000	0.000	1.000
94200	0.000	0.000	0.000	1.000
98517	0.000	0.000	0.000	1.000
98518	0.000	0.000	0.000	1.000
98519	0.000	0.000	0.000	1.000
98520	0.000	0.000	0.000	1.000
98521	0.000	0.000	0.000	1.000
98522	0.000	0.000	0.000	1.000
98523	0.000	0.000	0.000	1.000
98524	0.000	0.000	0.000	1.000
98525	0.000	0.000	0.000	1.000
100795	0.000	0.000	0.000	1.000
100796	0.000	0.000	0.000	1.000
100797	0.000	0.000	0.000	1.000
100798	0.000	0.000	0.000	1.000
100799	0.000	0.000	0.000	1.000
100801	0.000	0.000	0.000	1.000
100804	0.000	0.000	0.000	1.000
100805	0.000	0.000	0.000	1.000
100806	0.000	0.000	0.000	1.000
104028	0.000	0.000	0.000	1.000
104029	0.000	0.000	0.000	1.000
104030	0.000	0.000	0.000	1.000
104031	0.000	0.000	0.000	1.000
104032	0.000	0.000	0.000	1.000
104033	0.000	0.000	0.000	1.000
104034	0.000	0.000	0.000	1.000
104035	0.000	0.000	0.000	1.000
104036	0.000	0.000	0.000	1.000
104037	0.000	0.000	0.000	1.000
104038	0.000	0.000	0.000	1.000
104039	0.000	0.000	0.000	1.000
104040	0.000	0.000	0.000	1.000
104041	0.000	0.000	0.000	1.000
104042	0.000	0.000	0.000	1.000
104043	0.000	0.000	0.000	1.000
104044	0.000	0.000	0.000	1.000
104045	0.000	0.000	0.000	1.000
104046	0.000	0.000	0.000	1.000
104047	0.000	0.000	0.000	1.000
104048	0.000	0.000	0.000	1.000
104049	0.000	0.000	0.000	1.000
104050	0.000	0.000	0.000	1.000
104051	0.000	0.000	0.000	1.000
104052	0.000	0.000	0.000	1.000
110880	0.000	0.000	0.000	1.000
110881	0.000	0.000	0.000	1.000
110882	0.000	0.000	0.000	1.000
110883	0.000	0.000	0.000	1.000
115661	0.000	0.000	0.000	1.000
115662	0.000	0.000	0.000	1.000
115663	0.000	0.000	0.000	1.000
115664	0.000	0.000	0.000	1.000
115665	0.000	0.000	0.000	1.000
115666	0.000	0.000	0.000	1.000
115667	0.000	0.000	0.000	1.000
115668	0.000	0.000	0.000	1.000
115669	0.000	0.000	0.000	1.000
115670	0.000	0.000	0.000	1.000
115671	0.000	0.000	0.000	1.000
117436	0.000	0.000	0.000	1.000
117437	0.000	0.000	0.000	1.000
117438	0.000	0.000	0.000	1.000
117439	0.000	0.000	0.000	1.000
119954	0.000	0.000	0.000	1.000
119955	0.000	0.000	0.000	1.000
119956	0.000	0.000	0.000	1.000
119957	0.000	0.000	0.000	1.000
119958	0.000	0.000	0.000	1.000
119959	0.000	0.000	0.000	1.000
119960	0.000	0.000	0.000	1.000
119961	0.000	0.000	0.000	1.000
119962	0.000	0.000	0.000	1.000
119963	0.000	0.000	0.000	1.000
119964	0.000	0.000	0.000	1.000
119965	0.000	0.000	0.000	1.000
119966	0.000	0.000	0.000	1.000
119967	0.000	0.000	0.000	1.000
125280	0.000	0.000	0.000	1.000
125281	0.000	0.000	0.000	1.000
125282	0.000	0.000	0.000	1.000
129899	0.000	0.000	0.000	1.000
129900	0.000	0.000	0.000	1.000
129901	0.000	0.000	0.000	1.000
129902	0.000	0.000	0.000	1.000
129903	0.000	0.000	0.000	1.000
129904	0.000	0.000	0.000	1.000
129905	0.000	0.000	0.000	1.000
129906	0.000	0.000	0.000	1.000
129907	0.000	0.000	0.000	1.000
129908	0.000	0.000	0.000	1.000
129909	0.000	0.000	0.000	1.000
129910	0.000	0.000	0.000	1.000
129911	0.000	0.000	0.000	1.000
129912	0.000	0.000	0.000	1.000
129913	0.000	0.000	0.000	1.000
129914	0.000	0.000	0.000	1.000
129915	0.000	0.000	0.000	1.000
129916	0.000	0.000	0.000	1.000
129917	0.000	0.000	0.000	1.000
129918	0.000	0.000	0.000	1.000
129919	0.000	0.000	0.000	1.000
134710	0.000	0.000	0.000	1.000
134711	0.000	0.000	0.000	1.000
134712	0.000	0.000	0.000	1.000
134713	0.000	0.000	0.000	1.000
134714	0.000	0.000	0.000	1.000
134715	0.000	0.000	0.000	1.000
134716	0.000	0.000	0.000	1.000
134717	0.000	0.000	0.000	1.000
134718	0.000	0.000	0.000	1.000
134719	0.000	0.000	0.000	1.000
134720	0.000	0.000	0.000	1.000
134721	0.000	0.000	0.000	1.000
134722	0.000	0.000	0.000	1.000
134723	0.000	0.000	0.000	1.000
134724	0.000	0.000	0.000	1.000
134725	0.000	0.000	0.000	1.000
134726	0.000	0.000	0.000	1.000
134727	0.000	0.000	0.000	1.000
134728	0.000	0.000	0.000	1.000
134729	0.000	0.000	0.000	1.000
134730	0.000	0.000	0.000	1.000
134731	0.000	0.000	0.000	1.000
134732	0.000	0.000	0.000	1.000
134733	0.000	0.000	0.000	1.000
134734	0.000	0.000	0.000	1.000
134735	0.000	0.000	0.000	1.000
141412	0.000	0.000	0.000	1.000
141413	0.000	0.000	0.000	1.000
141415	0.000	0.000	0.000	1.000
141416	0.000	0.000	0.000	1.000
141417	0.000	0.000	0.000	1.000
141421	0.000	0.000	0.000	1.000
141422	0.000	0.000	0.000	1.000
141425	0.000	0.000	0.000	1.000
141426	0.000	0.000	0.000	1.000
141427	0.000	0.000	0.000	1.000
141428	0.000	0.000	0.000	1.000
141429	0.000	0.000	0.000	1.000
141430	0.000	0.000	0.000	1.000
141431	0.000	0.000	0.000	1.000
141432	0.000	0.000	0.000	1.000
141433	0.000	0.000	0.000	1.000
141434	0.000	0.000	0.000	1.000
141435	0.000	0.000	0.000	1.000
141436	0.000	0.000	0.000	1.000
141437	0.000	0.000	0.000	1.000
141438	0.000	0.000	0.000	1.000
141439	0.000	0.000	0.000	1.000
141440	0.000	0.000	0.000	1.000
141441	0.000	0.000	0.000	1.000
141442	0.000	0.000	0.000	1.000
141443	0.000	0.000	0.000	1.000
141444	0.000	0.000	0.000	1.000
141445	0.000	0.000	0.000	1.000
141446	0.000	0.000	0.000	1.000
141447	0.000	0.000	0.000	1.000
141448	0.000	0.000	0.000	1.000
141449	0.000	0.000	0.000	1.000
141450	0.000	0.000	0.000	1.000
141451	0.000	0.000	0.000	1.000
141452	0.000	0.000	0.000	1.000
141453	0.000	0.000	0.000	1.000
141454	0.000	0.000	0.000	1.000
141455	0.000	0.000	0.000	1.000
141456	0.000	0.000	0.000	1.000
141459	0.000	0.000	0.000	1.000
141460	0.000	0.000	0.000	1.000
141461	0.000	0.000	0.000	1.000
141462	0.000	0.000	0.000	1.000
155201	0.000	0.000	0.000	1.000
155202	0.000	0.000	0.000	1.000
155204	0.000	0.000	0.000	1.000
155210	0.000	0.000	0.000	1.000
155341	0.000	0.000	0.000	1.000
155342	0.000	0.000	0.000	1.000
155343	0.000	0.000	0.000	1.000
155344	0.000	0.000	0.000	1.000
155353	0.000	0.000	0.000	1.000
155354	0.000	0.000	0.000	1.000
